-42346 10806 4 -1
-31708 -21106 3 2
-10445 -10472 1 1
-21064 -42388 2 4
53393 32093 -5 -3
-52992 10809 5 -1
-52965 42724 5 -4
-42326 -10464 4 1
10872 -31750 -1 3
-10433 -42381 1 4
32115 -42384 -3 4
21496 -42389 -2 4
53378 21454 -5 -2
21460 -42387 -2 4
-21044 -42381 2 4
32131 10806 -3 -1
-10429 -10472 1 1
10874 32091 -1 -3
32128 53371 -3 -5
-10409 32086 1 -3
-52973 53370 5 -5
-31678 32093 3 -3
-21071 -10463 2 1
42749 -21111 -4 2
-52961 -21106 5 2
-52981 10809 5 -1
-42358 -42387 4 4
-52972 21448 5 -2
21516 10814 -2 -1
21503 -31746 -2 3
42779 21452 -4 -2
53393 -31747 -5 3
-21062 21445 2 -2
-42318 21446 4 -2
10863 -53024 -1 5
-52976 -31747 5 3
-31702 -31750 3 3
-21047 -21102 2 2
21485 32093 -2 -3
-31703 -53021 3 5
-21067 -53022 2 5
21517 -10463 -2 1
10849 -21103 -1 2
10866 -10471 -1 1
-21040 53362 2 -5
21479 10810 -2 -1
-10416 -10470 1 1
32136 21447 -3 -2
53382 42732 -5 -4
10821 -42381 -1 4
-52997 -53020 5 5
21476 -10472 -2 1
-10433 -21105 1 2
21516 32085 -2 -3
42759 32086 -4 -3
32115 -42386 -3 4
53421 -10469 -5 1
-42330 32090 4 -3
-31707 -21103 3 2
-42357 42727 4 -4
42794 10807 -4 -1
-10457 42729 1 -4
-21056 42724 2 -4
53428 -21111 -5 2
42738 -21107 -4 2
10882 -21102 -1 2
-42371 42732 4 -4
10863 42727 -1 -4
32136 -42387 -3 4
53412 32088 -5 -3
-42354 -42389 4 4
21492 32085 -2 -3
-52973 10806 5 -1
-10428 32092 1 -3
-10447 32093 1 -3
-21063 32088 2 -3
-10401 -42385 1 4
-21069 32093 2 -3
-42353 -53026 4 5
53418 -53021 -5 5
42781 -53023 -4 5
-52988 53362 5 -5
-21072 21449 2 -2
53390 21453 -5 -2
42783 -10464 -4 1
32142 -10467 -3 1
-10428 32089 1 -3
53417 10814 -5 -1
-42318 -10463 4 1
-52987 53362 5 -5
-42358 -10466 4 1
-52997 21445 5 -2
-21096 -53019 2 5
-42345 53368 4 -5
-52962 32093 5 -3
-42342 -21104 4 2
-52997 -31745 5 3
-10424 -42385 1 4
-52964 -42389 5 4
21460 53367 -2 -5
-52969 -53021 5 5
10850 -31744 -1 3
-42358 -53020 4 5
-31695 53363 3 -5
-10416 -31744 1 3
-21056 53371 2 -5
42747 53371 -4 -5
-42350 -53020 4 5
42746 -42383 -4 4
-31693 -21106 3 2
-10453 10815 1 -1
42786 -10471 -4 1
32099 -42382 -3 4
10829 -42383 -1 4
-10401 42727 1 -4
53430 -42383 -5 4
-31690 -21103 3 2
-52976 32085 5 -3
-21056 -53019 2 5
-31727 -53020 3 5
21468 -53026 -2 5
-42318 -53021 4 5
-52952 -31741 5 3
42738 21451 -4 -2
53428 -31741 -5 3
-31703 42726 3 -4
-42356 10806 4 -1
10853 53366 -1 -5
-21069 21445 2 -2
-52979 53366 5 -5
10829 -31745 -1 3
21476 32085 -2 -3
32150 -42384 -3 4
32115 -10470 -3 1
53387 -21111 -5 2
10865 32091 -1 -3
-21094 21454 2 -2
-31727 10810 3 -1
10856 -42389 -1 4
53433 -42387 -5 4
10865 32086 -1 -3
21509 -42389 -2 4
-52965 -10465 5 1
10850 21452 -1 -2
-21044 21445 2 -2
-31731 -21102 3 2
-31686 -10463 3 1
-31718 10806 3 -1
-21062 -42389 2 4
42754 32084 -4 -3
21481 -10469 -2 1
-52972 53369 5 -5
-21088 42730 2 -4
32123 -42386 -3 4
-31698 53365 3 -5
32120 -31747 -3 3
-21048 -21108 2 2
32151 21450 -3 -2
-53005 -31745 5 3
32131 -42380 -3 4
53427 -42380 -5 4
-31709 10806 3 -1
-21061 53366 2 -5
-21059 32085 2 -3
-21064 -42385 2 4
21516 -10467 -2 1
-31727 21447 3 -2
-42363 42723 4 -4
-10444 21446 1 -2
32144 21454 -3 -2
21516 -10468 -2 1
-42374 -10469 4 1
21497 32086 -2 -3
53409 -53019 -5 5
-10439 -53024 1 5
42762 -31745 -4 3
-42364 -31741 4 3
-52994 -53028 5 5
53377 53365 -5 -5
-42374 32092 4 -3
-10424 -42389 1 4
21510 -42389 -2 4
-10404 -21106 1 2
53409 21451 -5 -2
-10441 -42382 1 4
-42350 32085 4 -3
-42337 53363 4 -5
21493 21445 -2 -2
-10441 42732 1 -4
-31699 32088 3 -3
32101 53371 -3 -5
42782 10808 -4 -1
-21064 -53021 2 5
53388 10815 -5 -1
21468 -21103 -2 2
-10401 -42384 1 4
10837 42724 -1 -4
32134 -31750 -3 3
10866 21454 -1 -2
32149 32093 -3 -3
-42350 -53024 4 5
-10401 32087 1 -3
32143 -42383 -3 4
-21043 10807 2 -1
32157 -42380 -3 4
53422 -21110 -5 2
-10444 53363 1 -5
-10441 42730 1 -4
10831 21454 -1 -2
-21038 32093 2 -3
-21048 -53026 2 5
21494 21449 -2 -2
53401 -53025 -5 5
-31687 42725 3 -4
42765 -31750 -4 3
-42348 -10463 4 1
-10445 53362 1 -5
53393 10812 -5 -1
-10425 21453 1 -2
-53005 42725 5 -4
-52997 -31747 5 3
53403 32093 -5 -3
-52997 21450 5 -2
32111 -42389 -3 4
21470 10806 -2 -1
-10441 -31748 1 3
32140 32086 -3 -3
-21064 42728 2 -4
21508 21450 -2 -2
-52969 21451 5 -2
32110 -31741 -3 3
-10414 -53023 1 5
-52989 21447 5 -2
42794 -10465 -4 1
-52968 21445 5 -2
-21072 21446 2 -2
-42345 -31749 4 3
-21040 21451 2 -2
-52997 21446 5 -2
-52986 -10472 5 1
-21069 10815 2 -1
32123 -21109 -3 2
10857 -42385 -1 4
32149 -31741 -3 3
-53005 -42382 5 4
-21037 42732 2 -4
42798 42732 -4 -4
-31703 21453 3 -2
-52964 -31750 5 3
-42358 32092 4 -3
-21060 -10468 2 1
-10457 -42380 1 4
10822 -21102 -1 2
-42374 -31750 4 3
-21046 53362 2 -5
32148 21454 -3 -2
-31735 -21110 3 2
-31675 42732 3 -4
-42342 -42385 4 4
32107 42730 -3 -4
42791 10814 -4 -1
42746 21448 -4 -2
-42322 -53023 4 5
21477 -53024 -2 5
10821 -10468 -1 1
32119 -42385 -3 4
-42349 -42389 4 4
32128 10814 -3 -1
-31727 10809 3 -1
-21063 10810 2 -1
-52989 53370 5 -5
42786 10814 -4 -1
42766 -31745 -4 3
-31723 21454 3 -2
-42358 21449 4 -2
32133 -31746 -3 3
-53003 -31750 5 3
-21043 -31749 2 3
-31735 -21108 3 2
32123 -10471 -3 1
-52979 21445 5 -2
-31694 -21108 3 2
-42333 -53022 4 5
-21044 10806 2 -1
-52960 53363 5 -5
-10409 -21107 1 2
-42374 42732 4 -4
42754 -42385 -4 4
21488 -10467 -2 1
-31706 -53019 3 5
-10433 -42382 1 4
21500 21445 -2 -2
-31695 -21110 3 2
-42358 42732 4 -4
-10416 42729 1 -4
-10441 -53024 1 5
32144 -42388 -3 4
-52988 -21111 5 2
-21096 -21105 2 2
53377 21453 -5 -2
-52997 -31743 5 3
10849 42728 -1 -4
-21048 42731 2 -4
10837 21451 -1 -2
21484 42730 -2 -4
-31726 -10472 3 1
-42355 -42385 4 4
32131 -31750 -3 3
-21043 21454 2 -2
-42366 10807 4 -1
-21096 -53024 2 5
-42342 -10470 4 1
-31706 53367 3 -5
42779 -10470 -4 1
42789 -42389 -4 4
53398 32085 -5 -3
-42355 53366 4 -5
10869 10810 -1 -1
32147 53368 -3 -5
-31708 -21106 3 2
53409 32093 -5 -3
21492 42728 -2 -4