-34870395 34498817 -2843154 96244937
-52741579 9875242 37136273 89509114
23303891 41664349 2510522 63042453
10573027 54782809 49932958 97928881
30268215 -1711562 83940876 91888282
47509114 62402264 60637703 86770250
38183109 52217546 33317985 57667348
-10647946 66923545 59405713 76645995
17915794 42002002 90967880 67106681
-67553494 36505258 45022779 88750277
26674896 64449706 75164935 82510835
27227194 13810047 62213756 51598515
19623190 2532866 95979091 89037003
5999518 49608871 82980909 66259081
-4660980 60979555 69680933 74990328
34576925 80284404 65500164 96582641
17173778 -23403626 70300097 86845164
51240263 54828493 45066457 67356614
18994072 73893717 38130127 55342356
7755175 66852405 96794234 95560223
60418527 70944619 47618621 95202757
3506964 47883386 9746465 58662467
-20692924 35187397 66024842 61573925
58769465 46090423 58317348 79398393
49967919 47463735 37208969 60807499
38815104 65021131 44345892 64403142
45869051 42330085 35407843 53376003
38588718 51419724 66298404 72527812
33400284 54035761 31240407 56780390
56263947 16641002 21741916 78212857
52254266 -17802752 31767960 98620322
74669464 32372925 70139553 93403053
41042577 51422528 45494381 54180555
31290335 28125514 57497277 65254512
800038 23737996 4617817 54623247
59286699 41272309 30897425 70246274
28888580 31222542 43994345 59113041
55828289 32715308 73473118 78237731
68098561 39458460 48744363 72522605
-58012246 34584684 32930386 83699057
6179655 31467053 35814609 74062929
35798965 77161463 67250603 96432049
17273774 35146153 90327050 58967944
-23051291 38265311 56514969 57500529
-12769985 69297568 74316902 96053231
43593576 44736321 50074885 54625807
69016201 38484687 47379455 71101698
-13660085 40609809 91605453 85544194
75913985 35172499 55047086 82354754
51606727 36737468 51086527 55651689
25181074 36705740 98405442 76513514
30531834 39033365 92899936 78686158
60787823 62132529 54511218 93652630
22498719 64491079 47566043 50776958
70842283 27674030 51371299 70507126
46503350 33753583 30842353 49999291
27445260 5320286 55850147 53942750
6295687 6620027 8875546 61987950
171627159 58767101 63162115 75124242
-659866 8975602 79931417 71031232
40060154 32062715 43197263 74165901
-12023753 56857337 61768125 70318012
59356316 47240224 48332751 71150257
37389495 93241473 50222630 97074734
79883105 35029122 53857854 84991074
-20190588 82538112 45421325 87818838
16067196 38114028 22595543 52749053
93652338 38515598 47915274 96304526
88709990 40194393 43515765 88641244
32939551 46882892 66292328 62335739
42398875 40083042 53768029 52470975
-49360746 42646386 26052003 89987583
56008079 48037518 66754039 87020954
35363039 56654893 46054728 54293721
23256937 31585249 52124249 68262694
28340003 34064285 107499775 86125113
28671560 63404885 55901157 64198570
-156258652 36020825 8834591 99044815
80613300 31994809 60125656 88954732
65442321 51074913 31856141 85246217
44884442 -14900633 61540752 97293394
23169951 56178076 98917553 94486625
31960465 37490709 33909687 61624102
79027689 42955543 49558900 87763151
19293554 39115778 102073321 76703673
22003586 38485690 77871419 54581671
53844591 23983650 21592250 68599989
16291384 49412783 72958033 54883534
55300756 35019160 63649621 70190517
67824963 37130088 68725119 89901371
-22397993 19436021 96779563 99157003
-27965515 83822343 45327871 96784544
-67844306 33259338 28903087 96232999
47448520 22215522 57089429 58290343
977926 54503494 91685884 84880193
44602204 38714678 55112189 54650042
39085956 72253640 71678059 99238655
23813006 46602996 69712447 56349441
-39556851 15955059 17690786 89690040
66251987 42120029 21642854 87313828
-45814036 49326317 48570978 83380079
15042509 96393929 57562989 85220415
14946413 43567887 106377976 81113407
78966132 13414486 33824369 92058557
44084276 43206962 76802999 80315409
42837369 22492837 70082903 66395063
86586372 31096943 49841288 83745612
25904657 78353951 60889509 81369085
87016385 34415217 54541304 92193898
-62028086 21528539 53755994 93670915
18650268 35465139 36640207 54098147
68570364 49054956 52232604 86079230
14448510 34414735 85114858 50199172
13681290 78468616 31538119 61196462
-1714331 33061614 108399456 82844232
-23813801 60469592 14348627 93967311
9207100 43292737 33767963 63659458
42814607 47231795 73426763 79694411
46880460 32116029 55547131 50764826
98831380 31219104 47610718 93882189
-5219945 47175699 64917122 56981505
86943189 28849114 43242139 77303808
88842735 34235292 49846137 89145184
-43372261 41983670 64532707 89557516
-9977101 49706140 32497640 51218048
30401527 34919096 -26492142 92397705
-4191763 34313305 83453111 61627223
20850609 71830962 5438919 87827831
68888661 32440210 49028961 66578818
71203893 38051219 45372878 70849020
56469052 10224803 61283831 83495695
41658744 91352377 38180907 95414994
46004845 62718477 68174641 93118964
19930720 32351118 45407131 98445455
26367727 89503549 59467504 91559750
47363800 62158683 58656177 84399640
24237789 51092438 61003474 52554768
-19375270 50798721 6396140 87810468
60759345 32208338 53196299 62384981
-25084413 53966542 30417794 72665603
-22279412 32992782 66260761 61201707
15297643 57784499 5180357 68486456
53280961 47373552 44412632 61288113
26528366 51638693 -13997492 92749241
-28255326 14033665 60406887 74043923
-29060154 -1376458 28323209 85892545
-15643139 41950860 61526862 58789675
55591832 52645938 70977859 95436607
-356398 49596531 60344922 49966679
21357766 -11349321 34809028 58229405
87685152 32982399 44848109 81736749
74781476 57331231 39331737 93365716
44337000 35473294 64032025 60063386
54952911 43289967 52860353 67324342
20617933 55710493 97221947 89771347
53618896 45159890 44969051 59968964
37603471 54845532 78097273 86767387
56004958 80225695 41021362 95793993
17015121 35711967 44303752 57585611
27771249 44686081 89641040 78319356
66825163 33381230 50993323 67420787
16016694 58278266 44222337 50156323
29898856 46454782 61351451 53926699
67686790 46363229 49213930 79484958
35963 66201122 55617779 61451674
33677327 1473594 82314876 90486188
6865615 66287264 54431454 53521860
33805003 92074140 50436710 92537141
36881852 48853609 90603721 92560150
14334714 -13400071 67296190 70999174
45711076 55684416 49619906 67236451
42449288 58260829 59936369 76867595
42105741 32177763 88010287 78515053
-45365712 -139230 45838008 90758589
33793756 75897455 22834239 87441652
16980478 64918118 -9384858 91868181
14564999 95460626 45954041 72200633
47350962 32552206 74298716 70422916
93437319 36157767 46875184 92691373
33765294 48978147 66110316 65075430
56664836 42500877 68999826 84386615
14999356 33319914 56157731 78322388
66169180 34336142 66104490 82830824
41370853 26267420 8021141 67413607
-71363 76801242 46323701 62865048
-16051915 -2107629 59046521 76621411
27050555 44126026 -16730778 88492030
41588337 54940443 49771120 62521020
54400190 49306701 67709199 87637541
50915553 41583372 45811937 54532247
45085963 63336678 68190448 92834060
80080970 35433316 37281572 78817488
81043337 54424299 45694597 97383426
-3042897 22498524 34501995 86976837
21960279 51345892 92042251 81569558
192087012 58191094 40891685 77392981
83940652 21286832 43553927 82175333
24609816 35310804 54596540 80938142
35554239 36253626 -21508735 93901328
41238734 56806423 52891534 67157781
41904247 56533706 63542219 78201293
15801462 89372891 63622372 85017733
74050284 25931609 44741782 68828309
71832950 36568652 38274228 70712112
95545820 20902700 44277900 94888808
7347952 -9776940 57414308 59258648
26337218 48869613 78831435 70259239
47704536 38318808 48781105 51025437
169378096 -17740697 38297241 66812289
71266111 36273234 39608331 68515881
28677665 42780579 81027864 68707096
45775581 33014866 101206702 96218143
53205395 33589002 52571716 55587642
44744694 66371552 64804705 92141979
43053624 39255367 87164706 85694753
89297850 39287670 38119081 91051192
52830402 54877471 58275715 82204823
22885614 47783814 63733293 50623843
45540202 75399717 44197695 81358616
-6998737 28095459 46010526 60420821
84827637 19766513 43882907 84911603
25987992 36637221 98961122 77807349
46901913 63711215 53706376 80540521
71024226 25186930 46007795 67812698
-365945 35304122 75612476 50951692
34098383 79117161 53068877 82505450
-8415400 53545023 74424100 76053293
72347748 31663651 56973015 77205451
30745648 39569046 98507190 85042963
27185427 51172526 -10644230 89586887
72765056 42223545 31484306 84089360
19902051 92216643 44688862 73028522
15576466 -11030576 54489022 57063669
36567186 35855441 22081421 50926073
15892198 49677094 85296304 67086599
15487536 40294906 2736286 53631023
99774736 26996430 34414448 98695125
4878519 71064091 57458211 63313211
40847262 41152317 74150511 72371373
69317270 3611896 30763805 95272907
23336969 53737173 76249 77582581
34718805 33469700 45056643 82156287
-7696124 45216513 72969620 65551181
-12256573 58165059 78929691 89020123
59526023 22725549 45799622 58567722
69415933 41115420 43698122 70450495
92012059 31343416 44558047 84134636
38181639 32829987 88819570 76052685
33435688 49265011 83784428 82706109
151161063 70184440 17952439 78349117
12835171 65619432 69684630 64360239
-18346209 44092648 96512768 98620368
3632480 -22352919 27917243 74582241
-15263246 22999081 107682710 99362209
2572295 -1290410 27222018 55275242
56974807 67722429 53369246 94288053
87961612 42962546 51703833 98849153
65239944 16173477 47937616 72971932
-63165474 18387928 37292146 91264661
49298847 43258719 49338234 58117069
100012088 33064213 47464755 96762337
95577828 31050872 45323347 88173428
-34489568 36998366 43954878 55111730
32150151 77881757 64284660 90537647
-3435097 41172730 100516886 84793458
40150970 12029647 50348533 54437452
53103092 40284582 45251015 54859721
15296893 34778601 26242628 58888673
-30559515 70915766 49938536 91082553
76699670 33574261 45873640 72368553
91013214 34502001 53211071 94947723
57744596 45518066 48580167 68063978
20424345 77098219 49023427 62767180
28104886 47865859 78929023 71120841
26700098 25498885 90813288 67982269
18368413 32306567 -14746680 66006426
79382153 33178080 53601452 82382735
83150459 37980484 52261616 89613530
-32362449 46714038 49780624 68525866
17686584 106541084 44480732 84929455
56127563 46472544 45459314 64280445
22380211 51603847 66387013 56592240
44782025 55414214 47190512 63607737
93787016 32837076 49013564 91859076
26874151 67303659 55446180 65844958
39254541 78522406 64013331 98011284
22596983 50209802 -19954168 93345619
16582136 12156129 -28221128 92978995
34351631 31925501 107382688 89880786
2049031 -28823974 56084426 82275017
29950117 5030523 -8534367 93785292
15947518 -5513035 57309963 54738402
87202274 32118902 46942019 82484215
-32606152 44334036 51522275 68131263
-43117101 7629484 49519748 84422713
24667589 31813329 101673623 74375603
23579602 34299308 47216968 76058657
22704902 51488317 46138658 78683586
59798929 59737881 62699722 98457550
12942049 35333963 90092673 54589975
22334063 47585053 91700109 77840219
52462372 24944599 47831282 51316681
13531644 44102196 88482255 62337062
-1849728 18327803 75150592 58087856
38664165 38679832 26074092 51854805
83675704 33042886 59847230 92786821
-18754662 37798274 55770048 51991933
19105820 70453042 86793385 92573221
15964845 35383027 37413192 51409441
-74655591 32122443 50332173 96779160
41664736 75913672 33114810 85048357
13491505 35845651 102956679 68515349
21893831 -1820326 65179679 64861426
17813324 -10085344 49089550 52955885
24988407 40119320 71175149 52504106
-2026325 73343522 62609811 77648649
30470381 50994730 61428805 59114926
-13343817 70293918 58565015 81871763
45944701 32916456 87086172 82168352
18345568 86457937 43852584 64877130
31584228 82178934 54378065 84362301
41269762 24204964 64585827 57618288
18499312 4094750 78646419 69018635
66500479 33343927 33380784 67048303
17831898 43073525 26590620 59687549
14714236 84723622 2490696 97532105
68126000 34772356 32791723 70691300
53004730 38149039 45888432 53263203
68598435 39675347 49792359 74287183
31096001 41948597 -5887208 79516587
20024735 39388433 47051528 73392134
29423555 53611856 78782267 78038880
-49087968 41881858 45677661 76316223
-180168520 58182546 40115714 55010545
16279024 1451239 98552883 89348233
-45693291 66935471 46520056 98817610
32731048 52455235 14033621 71737337
37452395 56341589 49139093 59154050
31212852 186649 68631148 75624948
6370728 55922059 -11157059 84740964
57084567 41449570 43504953 58260143
60258628 39006449 55775918 71262001
23681612 62779080 88147140 90828821
38353577 54353674 62143308 71071628
27786534 69938177 62764171 76709856
21870080 52443301 74339264 64873742
24841443 -12890533 71333154 85032694
-31489393 28289613 56786155 59401320
32428169 50978171 79016305 78643813
3650961 40225750 107087632 83331222
55081964 36562461 79985548 87850963
70630723 39229800 48405721 74487245
37060450 49189744 86473937 88945201
46932127 7496696 57762934 73166069
51532660 77388377 45844158 90986192
33252872 46016676 80144411 75635129
15099621 41138597 79154601 51614259
18101895 40261032 51252719 84624079
18685588 98290592 52761909 85959059
26074805 -3576774 61938745 67558103
12882407 78477558 1468971 90475691
-21347970 32912285 -5858709 84151442
-11500982 4170129 4109500 87000521
26751002 37411746 106664230 87047953
-1565229 93304335 44498605 79037075
37811274 44954155 93718116 92704568
-39849537 50823229 46958550 77300335
24984649 65531537 74118143 80855305
100249424 35171163 46278590 97920378
44191329 53536415 7098945 91213494
20657244 -424310 102086387 99135683
82264072 43299176 43634198 85418490
54399329 63006802 53961570 87589068
-768538 74015216 79207432 93659937
101694594 34129826 39168108 97241047
59144303 45584220 51011962 71961624
57255316 23620800 57201877 66804015
57943741 33923827 55259819 63348522
34534598 38754534 44445887 61522343
42952170 45746544 15661479 73622060
-28478549 38773058 79355751 86276095
15702703 83036208 26248274 73075341
36256149 7147196 69857156 74934125
28167318 17187486 104833185 91780646
18080840 105092491 24861093 98897003
45985334 44732043 67521488 74459839
39655153 44891369 76271592 77039085
-2492365 20741166 71692474 52859020
18691160 51159885 72491129 58563204
84464158 45573547 43927217 90186045
25272073 76757757 65340945 83591881
80137013 33973811 64818402 95150340
62065088 36543153 31618543 67574432
27113012 89092390 170089463 71835028
67710873 36362823 50152318 70447025
59318650 32020493 65363660 72923906
-29250757 45946071 30803783 68425501
45549484 14320857 50240303 57436612
62645168 53039307 48518066 80423652
42968811 39354640 61977742 60522164
38483946 48338182 48001496 51044605
75938634 31757957 63840180 87757889
43226060 46140436 82931427 88519133
43212125 37854133 55011374 52298649
-56520094 31246321 57194711 84629975
24239689 31169673 114901671 86532700
-46544721 37237164 56124878 79575523
-45260800 33096904 65762888 83789347
-6861154 -29350315 48641139 84268108
46454707 33763136 60761626 57200559
99866693 36058447 37512914 98996943
2197136 56438525 78146999 72057215
-64167302 46378281 47034701 97249038
-17003631 41633016 52368899 50674288
52275864 36916127 9346074 80431337
17209020 70298842 21734952 66358173
97070686 35012373 46518487 94822557
61563025 49341923 43497613 70623725
14869205 99473027 66810613 97373901
26648757 57023945 76267433 76161128
21698417 34986923 56982129 67892013
-61343485 12001168 49517071 98274817
-11315705 88557382 57114960 96656910
36550525 61960821 50189154 64922038
90541356 39087242 51492417 97342045
15177352 58554505 89414635 79367467
65528850 5448624 54144444 90192234
-18301044 59843632 13795270 88381842
17530327 39010050 87456451 60217797
43724192 66168116 45998390 72111664
48074504 52760257 47591035 64646764
-34670243 33994497 52904255 61237745
20087906 50325177 66513525 53147593
73314822 31383096 40717029 64565730
-55638187 37518574 56580627 89406133
48695663 45324637 68370840 78612106
93077634 35706173 47698330 92703175
-9585305 51050360 72394206 72698730
36310472 55749002 58967174 67247631
70627795 35564967 51142320 73556214
13224791 40543302 45205738 80992340
53298196 32392941 60684362 62596501
76919540 32280419 50676042 76096993
-22148243 48093581 49213195 59123759
-42713334 40473300 54031429 76886821
50522101 43952637 64956959 75652687
70501419 55249194 43642235 85613816
57135316 33093290 55543413 61993074
60696676 32155042 44097572 53170293
52608334 31510427 52511935 52851663
76651818 2824855 48884491 98679018
15285809 9243302 69269239 51279394
28910774 85526754 56864094 87522592
89506586 31801302 52840197 90369420
84273027 30877190 34291451 81443653
51530753 33891527 1358686 84648428
17066979 13095811 52491540 91948433
-53174929 41903454 44530854 79277986
18862617 64708607 94667325 94459518
53401360 42725759 77999817 90348111
77627767 31992026 45751437 71592213
50288804 50781416 47138862 64430078
3787364 34449029 85887852 56218310
27113059 45096929 107658592 96089568
65769899 37835310 56239311 76065884
50264994 53434189 8367495 95916429
34170094 46234170 -6248380 87237676
43187050 44288379 37499510 50560694
31619401 65168319 73369822 86378693
28944267 55577747 57152188 57895325
27831623 47573386 64459134 56085140
55389707 19092022 56127751 68393224
24710354 39996376 105273138 86200834
-10512466 7511248 49380560 51797357
97116970 23134888 47913603 97863362
21973114 69192996 57037830 64425045
-51546866 41920460 43947846 77083923
44707309 45462137 68198404 74588850
28579621 41991190 70204912 56996698
38975553 62160694 43468811 60826030
42308372 51054421 50735530 60319599
50139661 45595327 38230520 58089448
95011016 35135937 33746320 96985477
45011066 25075024 59340425 55244267
84351403 36250524 47964626 84787981
38783931 40095942 62216949 57317963
14699637 36892487 89142214 56955579
52739793 26634886 56141964 58214621
27668834 47605513 63562813 55058264
56981417 18851888 51728287 65826149
70807561 26167293 34334517 70637070
49747473 21710689 49915476 53920034
-56064045 43403864 37534136 85966209
69540646 44508621 67304958 97575300
15166057 22366936 63621325 98758791
32044749 63593311 57429250 69288915
9125824 48180865 -7543793 70631329
69722435 34573169 60561683 81078448
66844373 49734782 27957461 89206445
79112631 26271238 49613819 78422892
49403004 25839089 61070611 60602107
98654116 35788958 44972758 95636934
14858780 34290194 47523242 64608553
56486866 46966504 44279911 63954264
25284608 74885851 74187125 90578643
97821272 32751773 38341655 92816185
15414668 36102767 90572859 58311293
17959385 11383589 43919425 84668841
30608574 76756062 43638436 67224039
17279833 31268502 -8333183 57466616
59294760 38070220 47044231 60630468
-8961006 39510160 44379192 93217625
25476437 75564682 43998461 61260549
37777952 10636546 82658940 85768011
98230817 31730047 39681078 90864481
49510657 58019735 43279251 67030703
22407445 96498685 60739095 95866205
20492676 49712543 7049759 63740203
22181299 48051247 68543176 54996867
49549730 36693348 56284206 58748672
49624394 40110410 54476030 60431831
76325788 33063178 51599881 77210320
24541711 67248435 55460464 63471626
41002159 44747614 67371297 69342158
-12400064 47181577 56836814 56087483
54224456 74620055 43304299 88369791
-8479024 70641886 59477501 78267326
28806613 82945105 48045256 76017950
-313735 56552159 -8579625 89478014
-9209475 32726262 15016687 50951661
40418778 57104864 51597878 65342819
8138167 32296032 70364586 94223747
60437247 63648463 53824060 94131390
51921297 37810140 44423755 50376176
10400128 54360257 73111315 56740252
31970702 57955174 1101890 89408887
28252210 67136866 16233392 79740373
17237893 71435620 53479174 58373688
44807176 27185659 78205259 71794505
55027442 42009942 18840144 78782103
14952087 73183159 -10458068 99178035
19580862 36279991 43474118 89836747
52652022 53948785 32256107 74929523
48833941 42467746 49739532 57262255
-78161310 32265063 35599505 98859504
36584625 33344865 50056851 61013677
-75040 -2927756 53112914 55531045
-250119 100396298 53015822 93331034
19451221 -162586 78217037 73798715
36685842 55933644 74909646 83750391
44488012 43023552 46138865 49871595
168446412 31149060 83743746 85563787
14845325 54707694 46684098 60183329
-61252218 32287741 43229343 76438038
15562865 68406899 83572533 83763287
46415219 36242605 98499946 97379072
42926615 43656105 20986096 66181298
37427677 56005809 48301070 57955524
28362269 48429938 -15547097 92924089
9909677 23251043 115051287 81306238
20873458 36056452 43849278 86896409
16397657 58558194 105046250 96223082
30941152 73550118 69615250 90327745
31706928 36395484 15717356 52970023
7455758 40034915 -17625989 74237593
45984199 63019285 48875854 74101121
62590707 14184364 43509708 67883632
87074358 30941686 59302604 93539771
25090783 -19241816 54195687 74495989
98633641 33368674 43907230 92130584
41313454 -479421 12124222 90000422
-50048328 51001145 50271817 90990047
40413881 45483483 29365674 57116366
25421760 35180910 48932915 70009648
64511516 31221426 31350225 64967437
15527172 62441731 86552811 80742696
64064976 42157970 28367451 78440182
18913224 40139107 111059545 86332855
48179583 19827077 67660457 71980816
69589466 37239197 53280748 76330391
27532848 35760197 83971886 63485913
37676756 -19501375 50319145 83464901
35214946 32632359 15754691 52677781
57597026 26916829 44437491 51085401
27456643 44762652 -12564014 85367979
31740978 36720062 80861174 65543188
-27712960 43206758 54110771 64699226
45129568 62206708 15786765 92134497
58554621 33443124 66866904 75085656
55434119 34491019 43914922 50061033
9969344 35496812 47279270 56142777
81838895 20195686 54042756 91653558
41966604 37894385 55238084 51320081
-45109691 43321481 47091045 75191017
51352316 76330587 53716765 97620666
366203 37506728 60457949 68620048
30780453 16432074 79641106 69957052
15535324 16778896 84159614 58883610
-43776235 46273920 26921620 87161095
36538959 32919966 94428888 80108886
66992447 59055633 36922836 89709913
39983685 37670545 59469158 53344512
14539349 78669999 82637808 92068161
23755868 40320959 48440537 50635050
61058803 54015203 64933347 96228611
-48657224 22015406 50803186 76860359
-15666138 27390074 108001092 95692515
56444102 37012598 44478640 54156309
19253724 38200442 53283365 62058330
-24838656 43634317 23467781 69037793
56416970 63997843 60853733 97489545
46238076 35467097 77497297 75423551
75949390 41225731 60224643 93620736
7840367 43812736 83715365 59356479
-29467839 32874504 53402022 55413126
15737128 25128231 -2395506 53335756
28537036 37596197 85239089 67593362
-50095233 31011181 68696612 89471914
40024346 51290408 -6835792 98735574
67126075 47828117 48034294 79209452
-35048912 37053980 43658148 55429836
-10349486 11631832 76040155 74173160
53636913 40644469 34984245 59882063
33878754 32235971 98363792 80699878
23256165 42246763 93063358 74787358
25397447 35107680 81255319 57981717
52467886 65407283 48053293 82149732
-50313707 25054560 51014239 75688767
57894718 28383054 34848830 54994103
52320953 34997809 56275959 59815739
84708771 22838268 29942949 92258818
55978984 28691145 53908120 57163748
-8915444 69664805 52917199 71166256
60776053 31491997 50160689 58649714
37918618 -4036866 61618220 79541620
35566228 -178299 45999700 57711993
-4764726 34568405 37260624 84966980
35839369 45120097 62397945 59578383
12954345 121066142 44681028 94922553
-58587746 44705406 44431432 87393454
55793774 55600258 67560062 95175404
74675606 62044881 38270475 99034758
65578772 72999103 41110955 98051646
66756642 33374717 49061957 65414387
-31246944 54803165 37291291 72791264
71104109 44069242 47311624 78706054
-21399306 48885583 49829467 59783143
216782106 36901313 38093509 85116307
20111131 53879623 68615502 58827291
56053131 47181398 48732021 68187824
68749296 57629739 50962015 93562148
61916494 33730301 53820929 65688771
48120229 32374506 16988377 64091105
-42013587 39582966 55517185 76782477
13433705 40638818 43739945 95060440
16843120 59376378 91363736 83804211
30368055 37697762 78399854 62686694
50375305 46117670 72432725 85146685
100429682 31143594 47798211 95592598
19867342 42176720 43242960 99220928
24698749 9368404 62396625 53694826
58740994 46820139 49293153 71075443
21232980 84005187 46620861 68080403
25154892 46323226 6788937 65274111
20945049 38152168 43614019 96282620
60763967 42359447 48019194 67363654
23895409 67818972 3962453 88336603
53170059 34123820 53024879 56539810
62128893 52589643 51236395 82175908
-27178696 18877527 52715364 60431894
41102552 -27889975 50956237 95916333
37736548 65014439 43970621 62942586
35185003 76216363 20692082 91293980
21078750 50366928 45163738 96741854
51067410 33906698 35658568 49900223
-1389368 67130565 67782235 75970904
62962245 31152739 43443847 53779953
41680570 34973305 61879870 54755051
1025013 51937183 73176939 63758018
65341117 17883801 51590977 75015899
18206031 26816060 35281836 82111394
32295247 38563338 82687601 69767164
34506369 91260796 43332134 85320387
44794720 49520140 49872431 60408266
20341287 -11516639 44879919 52705410
71434979 51458035 49886985 89000996
46174800 50262478 29843777 67178321
47372536 48661652 62747363 75002543
71169664 40739839 54391755 82522243
19443782 -30820741 25908322 84687680
68342693 37968046 37720889 69174932
69759904 60082027 39301800 91124813
46111142 44764430 32630990 58829485
19029136 27756949 47315754 53000253
7640774 54893307 14309863 56975249
16914569 75630846 64503310 73269695
44631552 47060482 43565281 51478382
-39927744 40426705 45296923 65320205
-1932576 32317068 93968359 67886799
35793901 68508642 50327290 70850844
30976522 54537063 51095454 52830200
51715770 45498816 79119369 92555253
51438596 47099527 64827378 79586470
15481869 44192870 113667821 89563980
-54938780 35400140 24968048 89403362
-66430503 34941300 45963431 87003981
-17341595 35282857 66688995 58982366
-42883963 38582377 39820348 65678460
65451444 21527122 76681156 96573042
58399342 52591387 18991284 92584190
44405365 79849981 46639149 87115473
26007588 47703186 -4599305 78894787
62017342 45671518 64369142 88278968
51589287 40391369 44785106 52986785
79752973 27384861 50702861 79038549
29567587 42255829 13253659 59154544
40525833 52527007 60901295 70175205
39878314 61913612 38121989 64254741
45753924 35213384 62303114 59491397
1130789 73626095 60485478 72649523
17202815 15507051 82679709 60343112
26013414 86488108 46752235 75474736
60038757 12562124 53778959 77223527
1031282 98227591 49201795 86066859
31849329 34079146 76544068 58693699
79937325 46127692 49959779 92245814
58029599 25262477 66704585 75439275
45848696 60921235 66582632 89574181
-54663530 45332635 58875614 98540535
30722117 42339412 16278616 57367679
53292903 37084884 61594272 68193106
20709597 74217199 52428978 63576824
21271519 14479452 71273364 54033043
56658580 65657278 32600266 90300271
30457063 26211627 54991517 53857964
74973489 42519850 56885323 90599691
15880526 31817157 11586934 96317161
29927352 27134368 54778512 77786917
23781698 60002582 -14186353 98555559
24704155 46144575 73393162 60462860
7439041 80524883 58003998 70758711
35980438 50471375 53626412 56299464
43875194 32661477 76111377 68869105
26171822 68533781 50919838 61846516
59290216 27310386 43716407 51663841
55800954 35388242 45112504 52522724
56194764 35887812 37893802 54773655
62703644 37100976 76527721 92553389
22027917 31390297 38482387 70203754
46820349 47115141 43487732 53644285
29163582 8701620 30786132 50007102
5232409 36633476 -8078640 63512292
-3311837 -23678818 61802720 88208891
-37738188 37510696 80182756 95100523
-39856627 18625567 61737988 82384519
30664865 56332195 88807492 92025519
25186502 56384754 30879255 51276667
102053202 33100784 47451039 98826007
4007650 7005827 97927680 86329546
81818827 31934893 45544850 75519629
40018156 -24441849 52327435 92755012
85012224 33967457 43461157 78661809
43674469 37056668 74379705 71331973
29623133 32033843 89249808 67127794
27613782 35060224 -3724609 66983564
-19296604 32177879 68199372 59342920
54488797 44286391 56715704 71711897
37976888 45941837 9052990 75450414
16114836 94988408 48542923 75867143
75421777 33511780 32752070 76766195
83622590 21048124 51750978 90293095
21814646 9402608 88864704 77244585
85140336 33769355 50379144 85509935
43924980 85967284 47250189 93363426
8497571 114970701 32327320 98178253
70300094 37028304 34748743 73164437
6446995 89463450 8208120 98841430
58149834 62530372 58512268 95413576
23238183 -24209551 47738320 71153668
64853878 -40453 44417140 85279044
23718699 52513455 74539057 66992183
70023641 32537633 48704084 67486545
18159490 14831766 81065410 60360752
52231157 34207266 -11541538 98564670
31255760 43852384 -10634742 86327921
59944748 40940693 45934186 63040623
-29375226 33507289 50847906 53399333
28246412 70628826 40545086 58914827
-24055560 85965719 46199237 95889423
62525031 44718671 24906249 82922327
18855414 55541733 61238505 51856779
50871051 43691542 44414997 55198556
48413804 34201349 60104744 58940873
38916877 54737466 55255272 65130729
57619394 33198857 44956023 51995382
77733297 34277446 39733553 72861861
65416315 49939741 61196003 92773238
-18454108 52431910 39250839 55667776
90958586 31001383 47077387 85258422
31405956 56707949 55446336 59781579
20243848 92848167 34036254 79640460
-12450070 49299267 89780213 91198293
17662117 66628987 83749935 84262035
-15710743 53995520 40049689 53689010
25383988 75207064 57809379 74621742
28020363 28396542 47093526 88784510
56977853 27035469 88672783 94582782
-60190033 35701529 43657628 79218005
37577404 42528843 59236667 55564037
42637371 28728183 60383713 50260880
21415379 38136558 45219879 80819765
-12001725 49589097 55296969 56556660
72432676 33591556 54409233 76654454
43590760 -12331869 44637816 76528205
50882868 62448365 48643947 78196225
37969494 64878110 59680966 78749610
49564312 51035935 68452707 85273926
49931657 58269961 58203549 82626140
66003351 41032456 8483159 99137314
18628093 35765359 -17947677 72925909
-9975279 17561438 99088056 90917417
-6838968 56582225 67727663 70817597
57253046 34557368 55214210 63245590
20957554 35095432 44272935 67439760
45414711 52701538 75321108 89658328
57672811 44896434 70926594 89717341
24748802 47264320 106132087 94366224
49641113 73623042 33138383 90710626
-21952949 39713483 9939459 75759421
-4022567 39371648 72087655 55150957
18427606 7805315 66858749 53448605
28697720 39054618 78273365 62246711
20179772 58116943 -19150665 98032318
43878825 21398655 -13844561 96656396
65127890 32688400 57068217 71105480
-7810006 7939153 51043757 50330031
14035488 63407863 88413378 82077705
-2254213 42781206 82143366 66847569
74361060 32861441 54814107 78257758
146706938 72919516 73932227 68019840
3043913 44127022 -11009094 76124655
25975719 71996177 62570599 76763706
17798385 38596172 88557505 61173529
17706598 44234605 48671407 89742148
16552712 33590383 46220516 76467819
57283876 39148031 43444406 56097287
42593650 38134627 85330028 82279594
37067756 47641584 78326599 79257134
-13575893 51155707 59215093 63615479
59496320 38815829 73464595 87997837
42711011 35123779 57880151 51936265
34748077 6597408 92025325 96143696
65642532 39459944 53602576 74926148
-26663919 26268716 61500331 61311009
52391625 77510755 52156221 98280339
21016215 85162036 24388238 82374904
80339253 32414667 52793414 81768308
94096136 31400362 30610878 95470504
48790429 65870504 40682103 74563572
84188644 33920412 33921253 84772498
45341030 42587894 76776267 80926368
65976629 36532298 52273264 71003361
155594709 39637727 107223819 95153651
73515582 44348643 37922054 80526852
-42637945 10082673 51324527 83295141
81643560 45094648 55474640 98433815
64253263 51519140 58839013 90832400
-1514892 26666101 52703003 56019850
28574005 42116466 100296519 87208056
105209187 30894506 45847372 98172284
24749609 80902671 24866727 81370274
-4908172 37039332 39559798 50461416
21239784 66502817 64447228 68410887
30755314 36057462 43295223 82909679
31357594 42379558 4242706 70079369
36627134 44842901 53424520 51115522
-19715281 32726420 62294275 54404750
-47487334 53867376 56235139 97258677
72617153 37756694 34404184 76554391
62670379 45240050 12580107 95915122
63490817 35769834 31405588 68439896
-42985181 34286898 75424408 92365230
43565116 66974786 61559393 88320408
55350532 57930630 48091072 77593542
74736827 10865869 53408708 93247333
46548047 54644420 57202759 74616244
15977988 108335687 43760783 84295757
18507168 43522540 45786116 94100717
-23087213 45179360 22349727 69949332
61008815 28396254 43287351 51867503
18082855 25335247 102306981 71022161
51424288 31269104 51773838 50688196
18335765 114432875 49053256 98042952
40972991 54215915 60026860 71436753
16580474 50880831 113355119 97037390
30843643 88629209 25090814 94966720
31369062 20572834 40504166 93873937
-17296233 14633182 89132337 91210862
-25230764 49798093 70055858 84753502
16343953 53883538 48739034 84460861
52817046 36336228 50539565 55913843
20106075 442092 93215933 88847502
14635382 99505255 59866441 90228407
90703183 27913547 45346396 84104016
64609560 39470890 66598424 86900000
48561027 39839299 83840226 88461657
19823823 21974369 95454086 69271127
52138310 41306969 58834673 68500970
13118513 39870959 47173859 76240231
104589890 26381170 43740871 97917175
-22164054 72963306 45442891 80239367
44997011 21078632 54080206 53966198
-39304870 35775524 57385786 72135009
-41191365 51449549 48474782 80784432
26960566 41524948 106800580 91507078
44688818 63776344 60577815 85264049
29376323 62733747 28593216 64102169
-36519818 32317436 45660832 54166823
86206599 28354608 28794654 89388896
10080618 63721270 76928591 70238563
59667865 44911559 55989536 76790071
42046531 36369207 21827363 57173172
-26697320 9051177 34329235 67096157
45330180 45858545 27630095 64143299
68449352 16106094 47902553 76213503
32563164 14180322 69667411 64018027
21968457 19666143 50222091 63938920
76900938 31850591 46844751 71817994
47361045 48853069 41021824 55776974
41394069 10649991 56185791 62897550
15588242 34125648 84293258 50228544
47922834 41272568 65209435 70625806
15838738 31555867 -3294871 51274159
90905059 31779896 24162446 99107310
80824028 32487948 43806163 73339264
43242100 40828205 82007495 82298791
-20327569 47140698 51810364 58947386
29934466 7213878 79221398 77909810
-21384364 33219034 75244873 69517272
37485936 42877106 54917917 51501927
54666612 61798435 39915234 77134606
27862523 54160406 56209392 54453772
30771112 35347437 45236935 59372575
35503796 58200334 49735259 59660509
152759815 73176752 78342225 83811864
17679541 34896514 82987436 51784584
-57598647 40578976 43530459 81377193
17082925 7499710 43301741 72420509
38267389 95368232 39865486 94354801
42968527 -10283060 66669962 95889136
62553249 35198795 55363844 69336906
13495220 78439234 45389490 53544973
72149988 28216302 49800806 69702117
34089598 42532769 84758642 77602002
76146492 24077677 43826569 71863041
44497501 85168043 46139811 92026336
28770783 87009321 59796352 91797442
83735831 33706772 46174057 79837866
15125462 90597087 65675586 87619366
31092638 67358775 76460211 91132595
13785546 79465028 65979139 75450706
61349825 23565456 39682656 58432997
22137909 40811435 88215253 67385869
39778783 70649797 65294823 91944392
47957263 51437860 57351702 72967856
68482929 11115311 63399334 96734551
35736718 31208944 43736722 65997133
-37575044 45811352 75105838 98160988
17510295 1434835 74659905 66703135
60694813 44908247 36223848 69963884
27001802 -13976350 8185419 93124021
39701183 32909092 12616286 60578711
100688616 89513113 100651946 80628925
18839179 -129918 28110712 51189650
-45084216 9665750 48947249 83781237
36594366 66442718 44634090 63892179
62194845 12170898 71636220 97627732
63254821 61129957 43850034 84455779
2818749 71703902 61792480 70346420
8685593 40455124 39658979 92873555
13016750 43538852 50286125 62603090
24894420 38366944 45117994 55115552
72685074 33252951 38019939 68502830
39382637 10302954 49824851 54872402
-38439241 53556569 46935006 78599682
25345223 53185147 78005033 72756846
13337794 103783915 43789302 77132028
69808979 25257744 38544301 66338323
29996885 61903547 82594373 90715772
66664257 38014011 77300202 98199475
-48088220 5403355 43768906 85869189
76977271 34958100 61710091 89867004
54995701 27176143 52347840 56135016
40719947 46036548 60217153 63194679
21423607 -5963794 9173467 78545428
21727679 22166185 99683946 75213069
56704095 30894433 48093497 51912997
17893448 201564612 81105391 98728031
49094666 33258870 78815413 77390289
22563972 24368923 38181976 51511688