0001 0053 0238 0026 0024 
0002 0134 0011 0027 0012 
0003 0937 0817 0010 0025 
0004 0441 0971 0021 0015 
0005 0881 0682 0016 0024 
0006 0769 0699 0018 0026 
0007 0303 0593 0027 0028 
0008 0031 0205 0011 0015 
0009 0489 0318 0025 0020 
0010 0948 0659 0016 0010 
0011 0650 0921 0006 0007 
0012 0487 0199 0013 0020 
0013 0127 0004 0014 0022 
0014 0797 0094 0023 0026 
0015 0566 0190 0014 0024 
0016 0053 0389 0012 0015 
0017 0794 0737 0024 0024 
0018 0439 0810 0011 0022 
0019 0020 0711 0021 0015 
0020 0039 0125 0018 0021 
0021 0432 0838 0020 0011 
0022 0192 0497 0029 0010 
0023 0374 0342 0024 0028 
0024 0247 0275 0014 0029 
0025 0820 0212 0012 0017 
0026 0731 0966 0022 0024 
0027 0272 0281 0017 0026 
0028 0190 0950 0016 0010 
0029 0889 0170 0007 0018 
0030 0422 0962 0019 0027 
0031 0144 0302 0028 0020 
0032 0440 0432 0016 0015 
0033 0513 0787 0020 0021 
0034 0127 0358 0018 0015 
0035 0863 0125 0023 0021 
0036 0567 0321 0025 0014 
0037 0086 0861 0013 0013 
0038 0667 0335 0013 0017 
0039 0567 0846 0029 0022 
0040 0432 0886 0014 0029 
0041 0310 0307 0029 0013 
0042 0734 0281 0028 0028 
0043 0321 0763 0025 0020 
0044 0955 0742 0010 0016 
0045 0730 0249 0013 0016 
0046 0952 0461 0016 0028 
0047 0280 0656 0026 0017 
0048 0205 0222 0022 0028 
0049 0983 0095 0014 0016 
0050 0365 0915 0006 0004 
0051 0901 0364 0026 0022 
0052 0555 0048 0024 0026 
0053 0215 0236 0020 0028 
0054 0316 0671 0024 0016 
0055 0902 0379 0010 0018 
0056 0675 0883 0003 0008 
0057 0180 0153 0015 0021 
0058 0627 0566 0029 0020 
0059 0104 0479 0010 0017 
0060 0142 0221 0014 0016 
0061 0048 0052 0010 0016 
0062 0754 0552 0016 0029 
0063 0119 0392 0018 0026 
0064 0892 0371 0022 0015 
0065 0023 0240 0018 0025 
0066 0781 0333 0012 0018 
0067 0967 0566 0023 0023 
0068 0202 0898 0029 0015 
0069 0223 0562 0025 0017 
0070 0737 0748 0025 0011 
0071 0201 0606 0017 0016 
0072 0698 0764 0015 0023 
0073 0345 0279 0025 0012 
0074 0679 0450 0028 0022 
0075 0959 0320 0006 0005 
0076 0288 0041 0021 0026 
0077 0440 0869 0027 0018 
0078 0758 0558 0022 0029 
0079 0394 0665 0023 0020 
0080 0871 0957 0015 0016 
0081 0660 0671 0010 0028 
0082 0173 0971 0010 0017 
0083 0561 0127 0028 0016 
0084 0673 0051 0010 0018 
0085 0379 0162 0026 0012 
0086 0320 0873 0019 0015 
0087 0083 0523 0021 0020 
0088 0587 0952 0024 0021 
0089 0084 0747 0011 0014 
0090 0256 0212 0019 0028 
0091 0031 0657 0027 0011 
0092 0793 0477 0013 0011 
0093 0046 0389 0015 0018 
0094 0671 0964 0026 0023 
0095 0282 0889 0010 0026 
0096 0249 0800 0015 0027 
0097 0044 0924 0024 0017 
0098 0347 0892 0011 0021 
0099 0089 0708 0019 0016 
0100 0762 0589 0026 0019 
0101 0077 0240 0011 0020 
0102 0729 0381 0018 0014 
0103 0878 0682 0004 0007 
0104 0208 0149 0026 0020 
0105 0147 0620 0027 0024 
0106 0546 0473 0018 0023 
0107 0949 0323 0029 0011 
0108 0796 0655 0017 0020 
0109 0805 0942 0016 0019 
0110 0441 0734 0024 0013 
0111 0851 0187 0029 0020 
0112 0678 0871 0029 0028 
0113 0177 0154 0011 0023 
0114 0762 0649 0024 0020 
0115 0718 0853 0018 0015 
0116 0579 0812 0011 0019 
0117 0776 0850 0014 0011 
0118 0071 0295 0027 0013 
0119 0567 0842 0028 0021 
0120 0045 0898 0014 0017 
0121 0432 0661 0010 0011 
0122 0263 0561 0017 0017 
0123 0704 0363 0021 0023 
0124 0037 0524 0013 0017 
0125 0484 0279 0026 0024 
0126 0104 0323 0023 0021 
0127 0417 0270 0024 0028 
0128 0338 0326 0010 0012 
0129 0717 0047 0014 0024 
0130 0959 0425 0019 0025 
0131 0660 0631 0023 0013 
0132 0172 0938 0011 0022 
0133 0856 0114 0010 0013 
0134 0497 0476 0022 0011 
0135 0169 0195 0023 0024 
0136 0485 0754 0020 0022 
0137 0693 0683 0026 0011 
0138 0278 0304 0022 0018 
0139 0682 0318 0017 0018 
0140 0625 0131 0021 0029 
0141 0715 0974 0019 0012 
0142 0193 0217 0026 0014 
0143 0707 0437 0027 0010 
0144 0427 0234 0010 0014 
0145 0155 0413 0010 0015 
0146 0961 0551 0013 0028 
0147 0899 0351 0017 0023 
0148 0362 0827 0012 0021 
0149 0459 0360 0022 0021 
0150 0564 0194 0017 0022 
0151 0566 0477 0025 0024 
0152 0897 0638 0024 0010 
0153 0508 0332 0023 0014 
0154 0826 0884 0010 0024 
0155 0657 0516 0026 0021 
0156 0711 0080 0015 0010 
0157 0529 0611 0027 0018 
0158 0292 0596 0020 0023 
0159 0489 0175 0027 0011 
0160 0649 0984 0028 0014 
0161 0870 0780 0026 0011 
0162 0920 0374 0013 0025 
0163 0496 0497 0029 0017 
0164 0842 0214 0018 0011 
0165 0642 0983 0023 0012 
0166 0377 0832 0027 0018 
0167 0076 0720 0025 0016 
0168 0683 0467 0023 0023 
0169 0834 0735 0028 0013 
0170 0795 0441 0005 0004 
0171 0949 0051 0010 0025 
0172 0953 0043 0016 0027 
0173 0091 0064 0013 0023 
0174 0156 0966 0020 0020 
0175 0330 0204 0016 0023 
0176 0639 0638 0028 0011 
0177 0749 0027 0015 0014 
0178 0830 0253 0026 0021 
0179 0528 0386 0028 0016 
0180 0470 0758 0019 0016 
0181 0743 0617 0011 0023 
0182 0367 0495 0029 0020 
0183 0147 0307 0027 0021 
0184 0283 0487 0011 0025 
0185 0938 0630 0010 0024 
0186 0278 0374 0024 0027 
0187 0585 0871 0016 0023 
0188 0716 0042 0018 0027 
0189 0663 0637 0007 0014 
0190 0599 0543 0014 0019 
0191 0732 0568 0012 0011 
0192 0769 0567 0017 0024 
0193 0226 0032 0018 0023 
0194 0334 0085 0017 0023 
0195 0145 0224 0012 0023 
0196 0234 0301 0018 0017 
0197 0605 0765 0021 0026 
0198 0890 0639 0027 0010 
0199 0699 0563 0023 0016 
0200 0582 0234 0014 0029 
0201 0558 0452 0010 0016 
0202 0668 0589 0016 0018 
0203 0257 0797 0011 0021 
0204 0259 0467 0019 0017 
0205 0327 0246 0021 0020 
0206 0826 0871 0018 0024 
0207 0643 0135 0022 0012 
0208 0559 0689 0020 0021 
0209 0402 0788 0013 0022 
0210 0110 0195 0018 0013 
0211 0587 0676 0027 0029 
0212 0344 0626 0011 0021 
0213 0445 0508 0027 0016 
0214 0450 0817 0025 0017 
0215 0817 0619 0029 0014 
0216 0667 0389 0005 0008 
0217 0231 0300 0027 0024 
0218 0181 0391 0016 0020 
0219 0801 0891 0022 0013 
0220 0519 0448 0019 0024 
0221 0582 0829 0029 0016 
0222 0376 0916 0017 0019 
0223 0800 0139 0015 0011 
0224 0287 0744 0025 0017 
0225 0373 0150 0021 0018 
0226 0478 0389 0028 0022 
0227 0027 0694 0029 0019 
0228 0579 0213 0012 0021 
0229 0004 0841 0010 0021 
0230 0612 0448 0015 0013 
0231 0834 0608 0021 0023 
0232 0744 0219 0019 0016 
0233 0332 0920 0017 0013 
0234 0616 0226 0028 0022 
0235 0321 0028 0015 0018 
0236 0569 0491 0025 0020 
0237 0702 0366 0017 0017 
0238 0452 0007 0019 0024 
0239 0825 0843 0022 0017 
0240 0743 0064 0017 0018 
0241 0444 0595 0019 0010 
0242 0243 0518 0009 0011 
0243 0645 0133 0026 0021 
0244 0802 0899 0010 0025 
0245 0964 0270 0025 0024 
0246 0257 0232 0024 0026 
0247 0622 0687 0013 0028 
0248 0032 0248 0028 0018 
0249 0306 0502 0024 0027 
0250 0830 0027 0029 0013 
0251 0050 0436 0027 0018 
0252 0366 0330 0023 0018 
0253 0594 0708 0019 0014 
0254 0486 0730 0020 0026 
0255 0788 0938 0024 0016 
0256 0015 0667 0017 0015 
0257 0976 0404 0019 0013 
0258 0945 0318 0026 0011 
0259 0648 0919 0013 0013 
0260 0721 0625 0027 0022 
0261 0166 0113 0024 0011 
0262 0639 0948 0018 0010 
0263 0380 0642 0023 0018 
0264 0425 0869 0021 0015 
0265 0560 0201 0018 0014 
0266 0069 0149 0026 0029 
0267 0785 0426 0021 0027 
0268 0642 0643 0020 0029 
0269 0763 0542 0028 0019 
0270 0294 0101 0012 0028 
0271 0741 0077 0015 0018 
0272 0898 0378 0011 0019 
0273 0359 0421 0017 0010 
0274 0760 0870 0023 0016 
0275 0130 0251 0015 0007 
0276 0816 0183 0022 0014 
0277 0375 0695 0023 0024 
0278 0975 0873 0017 0019 
0279 0905 0768 0028 0014 
0280 0797 0939 0015 0026 
0281 0080 0757 0017 0013 
0282 0488 0615 0014 0014 
0283 0624 0208 0026 0029 
0284 0500 0410 0021 0027 
0285 0810 0733 0027 0010 
0286 0951 0760 0010 0024 
0287 0088 0926 0019 0023 
0288 0613 0780 0028 0010 
0289 0052 0750 0029 0021 
0290 0379 0226 0016 0022 
0291 0359 0210 0010 0012 
0292 0783 0504 0026 0029 
0293 0653 0931 0023 0027 
0294 0666 0878 0017 0023 
0295 0491 0903 0018 0020 
0296 0269 0207 0022 0017 
0297 0380 0507 0013 0018 
0298 0770 0528 0025 0016 
0299 0171 0984 0023 0011 
0300 0313 0024 0028 0028 
0301 0510 0890 0028 0027 
0302 0013 0454 0020 0019 
0303 0726 0176 0027 0024 
0304 0631 0807 0013 0012 
0305 0951 0068 0004 0016 
0306 0847 0107 0027 0023 
0307 0943 0970 0010 0015 
0308 0322 0010 0010 0026 
0309 0664 0677 0025 0010 
0310 0335 0067 0014 0019 
0311 0458 0647 0018 0012 
0312 0664 0035 0020 0027 
0313 0158 0046 0018 0029 
0314 0265 0223 0020 0013 
0315 0712 0164 0010 0020 
0316 0724 0225 0010 0015 
0317 0267 0500 0018 0010 
0318 0103 0925 0018 0024 
0319 0900 0124 0013 0023 
0320 0032 0414 0019 0011 
0321 0535 0326 0021 0019 
0322 0390 0654 0010 0011 
0323 0221 0301 0014 0017 
0324 0576 0576 0015 0017 
0325 0538 0701 0013 0019 
0326 0539 0573 0014 0020 
0327 0885 0645 0021 0014 
0328 0155 0192 0020 0024 
0329 0151 0016 0013 0025 
0330 0455 0230 0012 0018 
0331 0151 0207 0025 0014 
0332 0102 0608 0023 0017 
0333 0710 0521 0021 0017 
0334 0043 0191 0015 0024 
0335 0584 0047 0014 0017 
0336 0708 0046 0029 0012 
0337 0882 0866 0021 0003 
0338 0488 0837 0011 0025 
0339 0033 0900 0026 0028 
0340 0188 0155 0027 0026 
0341 0623 0409 0020 0018 
0342 0234 0419 0016 0029 
0343 0044 0528 0021 0023 
0344 0476 0032 0015 0017 
0345 0487 0402 0013 0018 
0346 0364 0628 0029 0018 
0347 0542 0403 0014 0012 
0348 0251 0534 0019 0016 
0349 0836 0651 0013 0029 
0350 0075 0229 0015 0013 
0351 0211 0580 0026 0020 
0352 0818 0220 0028 0020 
0353 0705 0694 0027 0024 
0354 0015 0628 0013 0021 
0355 0830 0657 0016 0012 
0356 0732 0841 0021 0022 
0357 0741 0559 0015 0023 
0358 0830 0276 0024 0013 
0359 0109 0236 0026 0015 
0360 0895 0520 0010 0017 
0361 0378 0240 0020 0029 
0362 0773 0082 0020 0015 
0363 0428 0981 0016 0011 
0364 0218 0772 0025 0020 
0365 0158 0920 0029 0025 
0366 0497 0322 0010 0023 
0367 0507 0684 0022 0010 
0368 0425 0549 0017 0023 
0369 0833 0865 0015 0024 
0370 0091 0106 0004 0006 
0371 0574 0388 0011 0014 
0372 0583 0814 0011 0014 
0373 0184 0389 0015 0022 
0374 0753 0631 0010 0010 
0375 0672 0708 0027 0018 
0376 0835 0112 0018 0014 
0377 0845 0177 0028 0029 
0378 0759 0894 0021 0024 
0379 0824 0186 0013 0028 
0380 0336 0558 0022 0016 
0381 0112 0358 0013 0027 
0382 0397 0701 0027 0021 
0383 0352 0629 0021 0028 
0384 0872 0764 0017 0020 
0385 0592 0655 0025 0022 
0386 0384 0893 0022 0020 
0387 0814 0247 0017 0029 
0388 0793 0429 0007 0011 
0389 0453 0510 0017 0012 
0390 0937 0516 0029 0014 
0391 0322 0662 0012 0011 
0392 0542 0242 0024 0028 
0393 0272 0372 0028 0013 
0394 0867 0771 0021 0010 
0395 0219 0214 0026 0022 
0396 0445 0594 0025 0012 
0397 0905 0346 0013 0017 
0398 0462 0512 0019 0018 
0399 0223 0610 0022 0025 
0400 0617 0681 0017 0015 
0401 0874 0018 0015 0021 
0402 0884 0545 0015 0017 
0403 0502 0640 0012 0024 
0404 0245 0958 0029 0023 
0405 0818 0689 0022 0023 
0406 0680 0880 0016 0020 
0407 0886 0168 0023 0024 
0408 0078 0492 0027 0010 
0409 0535 0461 0022 0023 
0410 0804 0632 0025 0029 
0411 0911 0047 0024 0020 
0412 0024 0059 0029 0013 
0413 0176 0925 0018 0022 
0414 0460 0029 0019 0015 
0415 0618 0687 0024 0023 
0416 0251 0381 0021 0017 
0417 0822 0658 0027 0024 
0418 0152 0011 0014 0020 
0419 0394 0613 0021 0014 
0420 0148 0146 0019 0014 
0421 0840 0015 0025 0025 
0422 0028 0362 0012 0014 
0423 0735 0733 0010 0013 
0424 0361 0912 0026 0012 
0425 0787 0866 0016 0025 
0426 0402 0395 0014 0011 
0427 0015 0350 0021 0020 
0428 0037 0241 0025 0010 
0429 0083 0104 0018 0013 
0430 0589 0859 0012 0021 
0431 0091 0321 0013 0029 
0432 0699 0533 0019 0022 
0433 0334 0641 0027 0014 
0434 0012 0162 0025 0016 
0435 0903 0385 0010 0025 
0436 0091 0033 0017 0029 
0437 0668 0797 0012 0016 
0438 0498 0473 0029 0025 
0439 0829 0477 0023 0028 
0440 0949 0443 0019 0024 
0441 0657 0387 0026 0014 
0442 0047 0918 0021 0021 
0443 0288 0089 0026 0015 
0444 0902 0437 0025 0022 
0445 0253 0818 0026 0020 
0446 0073 0337 0029 0018 
0447 0379 0362 0028 0023 
0448 0659 0085 0013 0018 
0449 0505 0165 0012 0022 
0450 0772 0908 0020 0010 
0451 0295 0311 0028 0012 
0452 0150 0321 0017 0014 
0453 0066 0921 0022 0024 
0454 0825 0202 0018 0015 
0455 0103 0622 0022 0016 
0456 0195 0513 0018 0021 
0457 0903 0781 0024 0013 
0458 0688 0886 0025 0026 
0459 0518 0650 0011 0017 
0460 0810 0863 0023 0020 
0461 0493 0172 0017 0012 
0462 0440 0667 0026 0016 
0463 0696 0390 0013 0025 
0464 0116 0547 0018 0010 
0465 0953 0894 0010 0010 
0466 0308 0715 0021 0015 
0467 0768 0077 0018 0010 
0468 0605 0478 0024 0024 
0469 0403 0471 0021 0028 
0470 0885 0562 0020 0024 
0471 0327 0574 0022 0023 
0472 0295 0376 0020 0023 
0473 0887 0864 0017 0012 
0474 0074 0169 0012 0015 
0475 0975 0676 0011 0011 
0476 0951 0303 0012 0013 
0477 0715 0252 0019 0013 
0478 0662 0503 0010 0025 
0479 0545 0499 0021 0023 
0480 0494 0623 0013 0028 
0481 0333 0123 0027 0022 
0482 0880 0858 0028 0017 
0483 0310 0262 0028 0013 
0484 0487 0905 0020 0018 
0485 0500 0502 0022 0010 
0486 0414 0446 0027 0026 
0487 0408 0795 0012 0017 
0488 0759 0365 0015 0014 
0489 0853 0838 0029 0015 
0490 0128 0824 0015 0015 
0491 0839 0782 0017 0020 
0492 0674 0664 0020 0028 
0493 0285 0199 0029 0010 
0494 0312 0255 0023 0017 
0495 0358 0193 0025 0019 
0496 0568 0566 0007 0011 
0497 0670 0315 0016 0027 
0498 0841 0777 0019 0010 
0499 0336 0835 0019 0028 
0500 0248 0596 0017 0020 
0501 0971 0945 0028 0013 
0502 0423 0658 0027 0010 
0503 0813 0341 0021 0017 
0504 0568 0196 0018 0025 
0505 0027 0627 0023 0013 
0506 0881 0461 0027 0015 
0507 0067 0154 0029 0029 
0508 0114 0911 0027 0024 
0509 0711 0138 0024 0029 
0510 0022 0932 0029 0026 
0511 0087 0861 0020 0016 
0512 0179 0161 0005 0005 
0513 0746 0882 0025 0022 
0514 0549 0370 0010 0022 
0515 0520 0554 0014 0018 
0516 0157 0863 0018 0010 
0517 0802 0878 0013 0014 
0518 0497 0761 0010 0025 
0519 0442 0171 0012 0010 
0520 0844 0821 0012 0024 
0521 0504 0658 0017 0010 
0522 0019 0251 0011 0025 
0523 0700 0016 0012 0011 
0524 0466 0774 0019 0029 
0525 0766 0828 0019 0025 
0526 0218 0592 0014 0013 
0527 0295 0137 0021 0028 
0528 0507 0567 0028 0011 
0529 0099 0635 0011 0019 
0530 0775 0809 0028 0017 
0531 0697 0381 0012 0015 
0532 0040 0707 0014 0025 
0533 0631 0786 0010 0023 
0534 0940 0610 0020 0029 
0535 0688 0745 0019 0013 
0536 0647 0152 0029 0023 
0537 0370 0815 0029 0021 
0538 0856 0432 0029 0021 
0539 0449 0026 0028 0026 
0540 0196 0498 0027 0028 
0541 0131 0358 0010 0014 
0542 0101 0307 0025 0012 
0543 0355 0589 0015 0017 
0544 0214 0569 0018 0024 
0545 0625 0709 0025 0022 
0546 0089 0413 0014 0029 
0547 0511 0116 0013 0025 
0548 0536 0444 0010 0016 
0549 0736 0190 0019 0013 
0550 0301 0482 0017 0025 
0551 0658 0370 0023 0023 
0552 0862 0732 0023 0029 
0553 0034 0668 0014 0016 
0554 0537 0337 0010 0027 
0555 0531 0451 0013 0017 
0556 0278 0058 0019 0016 
0557 0761 0793 0025 0017 
0558 0300 0896 0026 0016 
0559 0036 0941 0029 0020 
0560 0619 0141 0020 0010 
0561 0056 0897 0022 0011 
0562 0224 0516 0024 0027 
0563 0171 0617 0024 0023 
0564 0453 0040 0029 0019 
0565 0406 0762 0013 0022 
0566 0780 0641 0023 0029 
0567 0094 0753 0013 0010 
0568 0876 0680 0010 0012 
0569 0243 0669 0013 0017 
0570 0456 0273 0013 0020 
0571 0329 0846 0010 0021 
0572 0769 0898 0003 0016 
0573 0420 0323 0025 0022 
0574 0246 0147 0012 0022 
0575 0687 0686 0018 0021 
0576 0520 0914 0017 0024 
0577 0956 0711 0010 0023 
0578 0888 0526 0017 0027 
0579 0119 0617 0012 0017 
0580 0892 0223 0028 0017 
0581 0113 0372 0014 0011 
0582 0793 0439 0019 0015 
0583 0525 0618 0019 0023 
0584 0107 0462 0029 0016 
0585 0118 0140 0012 0013 
0586 0173 0847 0016 0024 
0587 0590 0827 0022 0020 
0588 0303 0301 0019 0016 
0589 0426 0248 0011 0015 
0590 0091 0061 0018 0012 
0591 0724 0673 0021 0025 
0592 0384 0905 0011 0021 
0593 0777 0215 0024 0014 
0594 0214 0435 0016 0013 
0595 0228 0049 0016 0028 
0596 0882 0655 0026 0012 
0597 0445 0716 0018 0027 
0598 0859 0148 0023 0011 
0599 0338 0090 0015 0013 
0600 0794 0710 0017 0026 
0601 0284 0767 0029 0016 
0602 0120 0957 0027 0029 
0603 0248 0881 0013 0029 
0604 0106 0209 0019 0027 
0605 0814 0755 0015 0029 
0606 0605 0504 0021 0021 
0607 0639 0794 0019 0025 
0608 0219 0014 0021 0023 
0609 0273 0490 0013 0012 
0610 0447 0223 0028 0015 
0611 0544 0544 0019 0019 
0612 0842 0596 0010 0022 
0613 0726 0818 0014 0011 
0614 0221 0160 0025 0028 
0615 0821 0204 0016 0027 
0616 0689 0874 0014 0026 
0617 0905 0601 0012 0022 
0618 0331 0224 0012 0022 
0619 0661 0635 0012 0023 
0620 0124 0336 0024 0023 
0621 0214 0252 0010 0026 
0622 0286 0162 0029 0012 
0623 0488 0214 0016 0010 
0624 0567 0255 0020 0014 
0625 0518 0118 0018 0028 
0626 0093 0800 0011 0023 
0627 0747 0610 0023 0027 
0628 0749 0196 0029 0025 
0629 0575 0613 0015 0029 
0630 0266 0577 0011 0021 
0631 0748 0796 0018 0021 
0632 0380 0977 0021 0013 
0633 0555 0446 0014 0028 
0634 0187 0961 0016 0018 
0635 0792 0556 0022 0029 
0636 0882 0948 0012 0027 
0637 0342 0644 0024 0023 
0638 0686 0273 0014 0014 
0639 0760 0577 0022 0013 
0640 0806 0107 0029 0013 
0641 0085 0753 0023 0012 
0642 0025 0420 0011 0021 
0643 0879 0523 0010 0027 
0644 0325 0614 0019 0020 
0645 0537 0692 0022 0023 
0646 0584 0850 0028 0022 
0647 0527 0082 0026 0023 
0648 0506 0556 0012 0021 
0649 0228 0818 0016 0024 
0650 0414 0229 0028 0022 
0651 0708 0230 0026 0023 
0652 0304 0068 0029 0022 
0653 0564 0554 0011 0025 
0654 0627 0571 0029 0028 
0655 0702 0811 0026 0024 
0656 0378 0405 0025 0023 
0657 0708 0440 0029 0020 
0658 0922 0055 0023 0021 
0659 0343 0080 0012 0017 
0660 0014 0166 0020 0016 
0661 0194 0185 0028 0014 
0662 0190 0256 0022 0026 
0663 0945 0612 0027 0028 
0664 0326 0564 0027 0029 
0665 0698 0130 0029 0015 
0666 0886 0341 0029 0020 
0667 0089 0298 0020 0024 
0668 0652 0965 0024 0022 
0669 0443 0199 0026 0022 
0670 0719 0609 0021 0029 
0671 0537 0576 0010 0020 
0672 0242 0606 0019 0015 
0673 0951 0629 0024 0010 
0674 0934 0641 0020 0026 
0675 0005 0853 0012 0024 
0676 0818 0130 0024 0021 
0677 0363 0810 0023 0024 
0678 0783 0341 0024 0021 
0679 0155 0427 0015 0018 
0680 0456 0466 0021 0028 
0681 0418 0183 0028 0026 
0682 0072 0538 0028 0015 
0683 0737 0810 0016 0025 
0684 0492 0505 0010 0012 
0685 0683 0141 0028 0019 
0686 0459 0201 0006 0006 
0687 0222 0509 0016 0010 
0688 0053 0941 0022 0012 
0689 0103 0293 0018 0025 
0690 0392 0443 0026 0023 
0691 0541 0015 0015 0022 
0692 0551 0741 0028 0012 
0693 0549 0851 0026 0018 
0694 0818 0374 0027 0010 
0695 0237 0519 0020 0027 
0696 0573 0202 0018 0028 
0697 0474 0145 0015 0020 
0698 0537 0847 0018 0024 
0699 0503 0614 0027 0022 
0700 0455 0238 0024 0020 
0701 0095 0815 0025 0024 
0702 0663 0660 0029 0023 
0703 0805 0954 0010 0015 
0704 0820 0860 0029 0014 
0705 0653 0492 0013 0015 
0706 0690 0970 0017 0014 
0707 0155 0868 0012 0017 
0708 0887 0379 0023 0013 
0709 0711 0977 0022 0022 
0710 0148 0008 0014 0012 
0711 0181 0595 0019 0017 
0712 0880 0348 0024 0011 
0713 0810 0122 0012 0015 
0714 0848 0913 0014 0019 
0715 0112 0178 0017 0024 
0716 0476 0766 0019 0017 
0717 0218 0418 0025 0024 
0718 0484 0077 0025 0020 
0719 0857 0038 0025 0026 
0720 0245 0236 0015 0015 
0721 0783 0239 0026 0012 
0722 0895 0785 0015 0018 
0723 0323 0772 0017 0019 
0724 0487 0853 0019 0017 
0725 0780 0834 0029 0023 
0726 0481 0848 0012 0013 
0727 0639 0434 0017 0014 
0728 0456 0633 0025 0020 
0729 0712 0559 0022 0028 
0730 0665 0530 0018 0011 
0731 0302 0779 0012 0012 
0732 0510 0622 0024 0020 
0733 0802 0096 0012 0029 
0734 0894 0578 0025 0024 
0735 0935 0030 0017 0027 
0736 0414 0400 0021 0027 
0737 0795 0946 0014 0017 
0738 0867 0871 0023 0023 
0739 0608 0327 0016 0017 
0740 0509 0675 0029 0013 
0741 0130 0963 0025 0012 
0742 0455 0019 0010 0020 
0743 0488 0174 0021 0019 
0744 0951 0822 0016 0013 
0745 0133 0534 0022 0015 
0746 0399 0553 0027 0010 
0747 0320 0322 0025 0015 
0748 0614 0488 0014 0018 
0749 0361 0718 0026 0029 
0750 0809 0803 0014 0023 
0751 0719 0051 0011 0017 
0752 0464 0678 0028 0010 
0753 0381 0138 0018 0020 
0754 0321 0077 0011 0014 
0755 0187 0942 0022 0029 
0756 0849 0905 0025 0021 
0757 0270 0461 0012 0011 
0758 0109 0545 0026 0018 
0759 0771 0224 0020 0022 
0760 0373 0168 0022 0029 
0761 0015 0913 0011 0016 
0762 0955 0927 0017 0027 
0763 0177 0198 0017 0028 
0764 0637 0795 0024 0012 
0765 0118 0965 0018 0015 
0766 0136 0894 0011 0021 
0767 0803 0128 0027 0029 
0768 0413 0248 0026 0018 
0769 0653 0372 0012 0014 
0770 0663 0746 0024 0023 
0771 0189 0932 0011 0013 
0772 0883 0971 0024 0028 
0773 0445 0251 0017 0023 
0774 0881 0448 0016 0023 
0775 0727 0703 0022 0015 
0776 0011 0584 0021 0012 
0777 0800 0343 0013 0021 
0778 0435 0344 0013 0017 
0779 0712 0693 0013 0017 
0780 0020 0917 0028 0022 
0781 0224 0427 0028 0014 
0782 0606 0740 0014 0013 
0783 0395 0346 0011 0015 
0784 0458 0750 0018 0023 
0785 0408 0525 0025 0024 
0786 0405 0248 0025 0023 
0787 0698 0435 0019 0012 
0788 0363 0873 0023 0029 
0789 0165 0251 0024 0012 
0790 0745 0637 0014 0020 
0791 0012 0656 0025 0020 
0792 0653 0482 0017 0012 
0793 0219 0336 0014 0020 
0794 0836 0621 0018 0023 
0795 0816 0623 0024 0023 
0796 0304 0596 0011 0011 
0797 0202 0549 0010 0027 
0798 0254 0976 0015 0017 
0799 0182 0121 0016 0015 
0800 0839 0634 0029 0024 
0801 0515 0433 0019 0010 
0802 0565 0050 0027 0020 
0803 0500 0774 0015 0020 
0804 0326 0055 0012 0016 
0805 0688 0089 0022 0027 
0806 0548 0129 0017 0029 
0807 0867 0698 0015 0016 
0808 0155 0398 0028 0022 
0809 0932 0825 0014 0011 
0810 0264 0887 0010 0012 
0811 0755 0651 0019 0019 
0812 0761 0570 0020 0021 
0813 0181 0227 0025 0027 
0814 0720 0930 0022 0014 
0815 0430 0272 0012 0023 
0816 0772 0453 0020 0011 
0817 0574 0853 0021 0026 
0818 0219 0432 0010 0022 
0819 0765 0908 0027 0028 
0820 0897 0532 0026 0024 
0821 0068 0345 0014 0012 
0822 0379 0959 0029 0023 
0823 0551 0475 0004 0011 
0824 0779 0859 0018 0017 
0825 0733 0551 0027 0013 
0826 0922 0233 0018 0024 
0827 0424 0650 0016 0022 
0828 0008 0879 0013 0007 
0829 0713 0135 0018 0020 
0830 0495 0836 0027 0013 
0831 0176 0409 0017 0022 
0832 0169 0173 0022 0013 
0833 0550 0008 0010 0015 
0834 0321 0896 0014 0018 
0835 0082 0974 0025 0026 
0836 0640 0423 0026 0017 
0837 0300 0647 0021 0012 
0838 0497 0651 0010 0011 
0839 0703 0656 0010 0028 
0840 0512 0792 0010 0021 
0841 0636 0146 0013 0027 
0842 0421 0523 0010 0013 
0843 0192 0255 0020 0016 
0844 0341 0630 0018 0021 
0845 0883 0874 0017 0024 
0846 0891 0497 0016 0010 
0847 0257 0885 0010 0029 
0848 0478 0378 0023 0021 
0849 0822 0122 0014 0028 
0850 0711 0743 0027 0011 
0851 0558 0256 0014 0025 
0852 0574 0900 0015 0010 
0853 0785 0449 0029 0011 
0854 0766 0373 0012 0012 
0855 0303 0174 0016 0019 
0856 0636 0788 0014 0022 
0857 0795 0583 0019 0029 
0858 0105 0301 0025 0015 
0859 0431 0468 0029 0019 
0860 0065 0416 0029 0027 
0861 0586 0146 0025 0025 
0862 0926 0255 0017 0010 
0863 0890 0480 0016 0023 
0864 0388 0660 0023 0024 
0865 0155 0038 0029 0026 
0866 0444 0052 0011 0011 
0867 0325 0138 0017 0016 
0868 0205 0454 0025 0013 
0869 0253 0602 0027 0021 
0870 0441 0837 0028 0011 
0871 0784 0893 0010 0017 
0872 0952 0589 0019 0024 
0873 0475 0750 0015 0029 
0874 0494 0470 0018 0017 
0875 0692 0740 0022 0012 
0876 0755 0209 0012 0028 
0877 0002 0789 0015 0017 
0878 0284 0146 0017 0010 
0879 0123 0973 0022 0023 
0880 0302 0166 0025 0028 
0881 0134 0098 0017 0014 
0882 0532 0743 0004 0022 
0883 0775 0147 0015 0010 
0884 0024 0784 0024 0027 
0885 0904 0463 0020 0028 
0886 0840 0899 0013 0012 
0887 0634 0799 0011 0017 
0888 0913 0605 0019 0019 
0889 0757 0692 0021 0022 
0890 0205 0012 0021 0011 
0891 0810 0115 0024 0023 
0892 0678 0744 0011 0012 
0893 0291 0956 0028 0026 
0894 0552 0561 0017 0020 
0895 0131 0014 0024 0016 
0896 0332 0912 0018 0016 
0897 0232 0656 0017 0018 
0898 0079 0059 0010 0013 
0899 0509 0433 0014 0012 
0900 0828 0668 0025 0026 
0901 0255 0225 0020 0010 
0902 0760 0051 0029 0019 
0903 0505 0658 0028 0010 
0904 0669 0085 0018 0022 
0905 0964 0831 0014 0015 
0906 0042 0648 0018 0012 
0907 0262 0612 0012 0013 
0908 0229 0976 0026 0011 
0909 0924 0769 0025 0016 
0910 0013 0458 0026 0026 
0911 0376 0030 0022 0025 
0912 0105 0900 0021 0026 
0913 0789 0345 0021 0011 
0914 0575 0388 0011 0025 
0915 0271 0374 0016 0027 
0916 0047 0115 0012 0013 
0917 0482 0421 0011 0020 
0918 0920 0289 0005 0012 
0919 0065 0247 0028 0023 
0920 0509 0096 0011 0016 
0921 0714 0824 0010 0026 
0922 0690 0454 0013 0024 
0923 0399 0303 0010 0025 
0924 0955 0892 0012 0020 
0925 0315 0678 0012 0026 
0926 0000 0892 0023 0023 
0927 0417 0503 0029 0015 
0928 0127 0954 0029 0017 
0929 0237 0143 0010 0020 
0930 0283 0369 0013 0022 
0931 0208 0375 0029 0018 
0932 0420 0980 0025 0011 
0933 0605 0745 0013 0012 
0934 0264 0395 0023 0026 
0935 0785 0092 0024 0016 
0936 0035 0144 0025 0025 
0937 0726 0185 0022 0015 
0938 0438 0868 0023 0020 
0939 0545 0559 0013 0011 
0940 0909 0645 0026 0017 
0941 0810 0613 0025 0024 
0942 0879 0222 0028 0021 
0943 0716 0555 0014 0018 
0944 0315 0906 0025 0013 
0945 0869 0653 0016 0024 
0946 0947 0065 0016 0024 
0947 0065 0923 0027 0017 
0948 0025 0590 0019 0016 
0949 0304 0015 0014 0010 
0950 0791 0949 0017 0023 
0951 0406 0313 0016 0010 
0952 0061 0296 0015 0011 
0953 0571 0580 0014 0025 
0954 0206 0575 0026 0027 
0955 0328 0086 0014 0029 
0956 0097 0538 0029 0024 
0957 0580 0906 0020 0013 
0958 0606 0661 0013 0017 
0959 0740 0693 0018 0022 
0960 0958 0745 0017 0027 
0961 0803 0850 0023 0027 
0962 0409 0815 0015 0022 
0963 0849 0115 0021 0028 
0964 0026 0641 0023 0029 
0965 0706 0073 0026 0028 
0966 0005 0876 0023 0025 
0967 0539 0556 0013 0017 
0968 0293 0524 0019 0019 
0969 0431 0810 0011 0022 
0970 0619 0324 0011 0022 
0971 0440 0129 0025 0026 
0972 0745 0800 0029 0022 
0973 0963 0442 0023 0012 
0974 0726 0890 0025 0025 
0975 0120 0617 0012 0025 
0976 0677 0879 0026 0013 
0977 0274 0671 0016 0027 
0978 0685 0969 0010 0013 
0979 0379 0333 0010 0016 
0980 0374 0439 0023 0026 
0981 0454 0826 0013 0026 
0982 0751 0166 0016 0011 
0983 0517 0647 0027 0028 
0984 0282 0296 0024 0022 
0985 0378 0937 0011 0025 
0986 0094 0181 0022 0017 
0987 0897 0824 0014 0019 
0988 0833 0119 0025 0012 
0989 0942 0637 0022 0012 
0990 0690 0305 0017 0029 
0991 0130 0244 0014 0012 
0992 0968 0094 0018 0012 
0993 0630 0423 0015 0019 
0994 0569 0325 0024 0011 
0995 0128 0247 0020 0024 
0996 0035 0873 0026 0021 
0997 0834 0628 0022 0020 
0998 0461 0280 0029 0015 
0999 0838 0614 0027 0028 
1000 0222 0280 0010 0019 
1001 0095 0332 0028 0015 
1002 0239 0968 0011 0019 
1003 0567 0839 0024 0029 
1004 0610 0500 0013 0017 
1005 0482 0745 0016 0014 
1006 0276 0315 0025 0019 
1007 0365 0628 0016 0026 
1008 0456 0233 0026 0012 
1009 0690 0880 0013 0020 
1010 0510 0638 0024 0018 
1011 0950 0304 0010 0020 
1012 0224 0255 0024 0013 
1013 0122 0231 0013 0025 
1014 0542 0617 0016 0021 
1015 0856 0732 0016 0021 
1016 0007 0619 0024 0023 
1017 0803 0801 0026 0022 
1018 0219 0887 0012 0024 
1019 0409 0123 0012 0018 
1020 0020 0872 0022 0024 
1021 0589 0675 0012 0026 
1022 0270 0262 0029 0024 
1023 0776 0582 0023 0021 
1024 0843 0224 0024 0017 
1025 0661 0141 0023 0010 
1026 0130 0738 0016 0027 
1027 0515 0291 0018 0028 
1028 0917 0554 0018 0016 
1029 0435 0237 0019 0026 
1030 0144 0138 0016 0015 
1031 0568 0267 0027 0012 
1032 0658 0629 0015 0020 
1033 0644 0485 0016 0010 
1034 0150 0410 0021 0014 
1035 0336 0578 0025 0024 
1036 0591 0522 0022 0025 
1037 0334 0918 0022 0022 
1038 0590 0397 0024 0018 
1039 0530 0740 0015 0029 
1040 0494 0644 0028 0021 
1041 0740 0580 0025 0014 
1042 0332 0904 0012 0011 
1043 0359 0693 0026 0012 
1044 0420 0804 0012 0023 
1045 0140 0259 0011 0015 
1046 0319 0646 0012 0019 
1047 0820 0412 0012 0029 
1048 0357 0556 0012 0021 
1049 0402 0750 0015 0018 
1050 0784 0805 0021 0014 
1051 0910 0054 0026 0023 
1052 0413 0049 0025 0021 
1053 0482 0440 0026 0017 
1054 0004 0912 0019 0028 
1055 0767 0807 0024 0013 
1056 0232 0332 0016 0024 
1057 0730 0626 0015 0027 
1058 0824 0391 0021 0026 
1059 0880 0965 0017 0021 
1060 0918 0549 0010 0019 
1061 0127 0385 0020 0012 
1062 0155 0316 0014 0010 
1063 0837 0895 0015 0017 
1064 0240 0611 0024 0026 
1065 0890 0193 0021 0018 
1066 0237 0908 0018 0029 
1067 0071 0743 0021 0024 
1068 0238 0106 0011 0016 
1069 0568 0806 0026 0027 
1070 0525 0488 0015 0019 
1071 0779 0059 0028 0020 
1072 0389 0915 0013 0025 
1073 0656 0786 0020 0015 
1074 0267 0197 0021 0016 
1075 0890 0363 0024 0019 
1076 0048 0943 0023 0025 
1077 0949 0713 0025 0023 
1078 0046 0764 0010 0018 
1079 0905 0174 0021 0019 
1080 0782 0891 0029 0023 
1081 0701 0647 0010 0019 
1082 0216 0437 0015 0024 
1083 0006 0734 0025 0026 
1084 0949 0925 0028 0010 
1085 0307 0510 0020 0020 
1086 0229 0790 0013 0024 
1087 0513 0434 0016 0018 
1088 0325 0926 0019 0022 
1089 0180 0149 0029 0027 
1090 0894 0813 0017 0028 
1091 0287 0653 0029 0024 
1092 0775 0550 0009 0004 
1093 0827 0478 0015 0010 
1094 0161 0130 0023 0019 
1095 0714 0364 0024 0027 
1096 0009 0876 0025 0016 
1097 0901 0552 0010 0029 
1098 0930 0314 0022 0027 
1099 0220 0907 0019 0013 
1100 0708 0642 0025 0015 
1101 0183 0811 0015 0026 
1102 0194 0942 0017 0021 
1103 0779 0516 0028 0014 
1104 0380 0251 0010 0027 
1105 0302 0981 0019 0012 
1106 0951 0165 0014 0020 
1107 0569 0590 0018 0025 
1108 0865 0451 0027 0020 
1109 0777 0856 0017 0010 
1110 0771 0062 0028 0029 
1111 0003 0054 0018 0011 
1112 0721 0514 0014 0015 
1113 0703 0869 0014 0010 
1114 0189 0124 0021 0026 
1115 0633 0171 0025 0028 
1116 0226 0285 0013 0025 
1117 0475 0038 0027 0027 
1118 0023 0774 0023 0013 
1119 0276 0731 0024 0024 
1120 0800 0499 0029 0026 
1121 0655 0672 0020 0028 
1122 0216 0437 0028 0027 
1123 0376 0874 0020 0022 
1124 0838 0435 0024 0011 
1125 0323 0237 0029 0028 
1126 0518 0075 0016 0013 
1127 0309 0376 0021 0029 
1128 0787 0112 0011 0028 
1129 0577 0836 0012 0026 
1130 0660 0680 0017 0025 
1131 0418 0252 0011 0017 
1132 0362 0290 0010 0026 
1133 0034 0626 0023 0026 
1134 0016 0793 0026 0010 
1135 0752 0623 0012 0017 
1136 0262 0782 0018 0029 
1137 0358 0343 0025 0014 
1138 0938 0962 0026 0016 
1139 0919 0361 0024 0020 
1140 0550 0010 0012 0022 
1141 0051 0387 0023 0023 
1142 0202 0154 0015 0015 
1143 0136 0661 0027 0012 
1144 0504 0753 0023 0012 
1145 0104 0494 0029 0027 
1146 0352 0744 0023 0015 
1147 0236 0113 0012 0027 
1148 0413 0166 0016 0021 
1149 0967 0933 0016 0016 
1150 0198 0684 0020 0027 
1151 0507 0268 0015 0027 
1152 0765 0155 0014 0029 
1153 0954 0813 0028 0026 
1154 0226 0438 0010 0019 
1155 0822 0738 0013 0019 
1156 0580 0012 0010 0017 
1157 0400 0346 0015 0023 
1158 0326 0718 0024 0017 
1159 0646 0581 0024 0017 
1160 0115 0623 0027 0024 
1161 0899 0282 0026 0013 
1162 0733 0234 0017 0014 
1163 0800 0832 0025 0028 
1164 0960 0678 0029 0013 
1165 0148 0256 0029 0023 
1166 0514 0488 0024 0018 
1167 0030 0720 0022 0026 
1168 0423 0173 0020 0020 
1169 0121 0742 0018 0021 
1170 0904 0164 0018 0014 
1171 0055 0263 0012 0011 
1172 0230 0375 0011 0028 
1173 0701 0867 0020 0020 
1174 0089 0534 0029 0018 
1175 0105 0182 0012 0022 
1176 0686 0786 0028 0025 
1177 0330 0090 0019 0014 
1178 0472 0579 0025 0027 
1179 0811 0546 0013 0016 
1180 0419 0057 0021 0019 
1181 0926 0445 0029 0028 
1182 0779 0980 0016 0018 
1183 0556 0516 0017 0020 
1184 0929 0442 0015 0027 
1185 0117 0537 0021 0020 
1186 0845 0193 0014 0014 
1187 0366 0423 0006 0005 
1188 0979 0528 0012 0021 
1189 0283 0499 0017 0012 
1190 0798 0243 0028 0011 
1191 0037 0636 0018 0025 
1192 0883 0280 0029 0022 
1193 0311 0159 0029 0015 
1194 0639 0769 0011 0028 
1195 0467 0294 0027 0017 
1196 0576 0701 0027 0029 
1197 0104 0971 0023 0017 
1198 0916 0279 0013 0029 
1199 0298 0190 0014 0019 
1200 0031 0202 0011 0023 
1201 0764 0881 0022 0023 
1202 0051 0386 0011 0012 
1203 0291 0612 0018 0020 
1204 0111 0157 0026 0022 
1205 0355 0048 0024 0026 
1206 0747 0297 0010 0016 
1207 0593 0053 0025 0018 
1208 0865 0944 0025 0029 
1209 0184 0112 0025 0024 
1210 0395 0614 0027 0010 
1211 0566 0562 0012 0025 
1212 0193 0719 0022 0023 
1213 0428 0255 0022 0010 
1214 0575 0632 0010 0010 
1215 0868 0206 0013 0028 
1216 0425 0253 0017 0014 
1217 0087 0191 0025 0022 
1218 0721 0963 0026 0024 
1219 0726 0138 0013 0013 
1220 0450 0776 0021 0025 
1221 0103 0481 0017 0024 
1222 0166 0432 0028 0022 
1223 0969 0386 0014 0022 
1224 0745 0744 0015 0026 
1225 0075 0036 0019 0025 
1226 0224 0406 0013 0026 
1227 0308 0635 0016 0024 
1228 0195 0484 0028 0019 
1229 0614 0297 0021 0014 
1230 0123 0229 0017 0023 
1231 0684 0709 0011 0018 
1232 0749 0305 0011 0017 
1233 0864 0937 0015 0024 
1234 0371 0716 0028 0010 
1235 0726 0620 0022 0020 
1236 0063 0408 0022 0028 
1237 0849 0284 0018 0023 
1238 0207 0769 0013 0025 
1239 0596 0300 0022 0013 
1240 0578 0017 0010 0013 
1241 0892 0265 0016 0021 
1242 0027 0162 0029 0012 
1243 0710 0177 0014 0015 
1244 0703 0080 0029 0016 
1245 0817 0718 0024 0019 
1246 0305 0604 0011 0010 
1247 0060 0047 0013 0014 
1248 0863 0136 0020 0026 
1249 0836 0304 0015 0022 
1250 0295 0501 0014 0012 
1251 0041 0887 0026 0016 
1252 0711 0440 0013 0011 
1253 0878 0827 0016 0013 
1254 0693 0273 0029 0016 
1255 0878 0143 0011 0012 
1256 0068 0232 0014 0017 
1257 0195 0223 0021 0003 
1258 0587 0822 0012 0029 
1259 0445 0131 0015 0014 
1260 0897 0187 0011 0019 
1261 0711 0006 0020 0022 
1262 0719 0635 0021 0019 
1263 0316 0631 0026 0017 
1264 0441 0423 0020 0018 
1265 0185 0613 0024 0018 
1266 0161 0609 0010 0014 
1267 0695 0909 0026 0022 
1268 0338 0062 0018 0024 
1269 0186 0679 0026 0028 
1270 0430 0349 0024 0019 
1271 0504 0092 0028 0026 
1272 0053 0050 0012 0020 
1273 0253 0307 0026 0019 
1274 0590 0597 0023 0015 
1275 0012 0043 0029 0019 
1276 0950 0748 0018 0015 
1277 0836 0007 0017 0017 
1278 0838 0033 0023 0017 
1279 0797 0603 0013 0013 
1280 0072 0412 0029 0015 
1281 0754 0206 0024 0026 
1282 0831 0144 0026 0016 
1283 0832 0633 0015 0013 
1284 0944 0425 0011 0021 
1285 0610 0710 0026 0010 
1286 0574 0726 0011 0019 
1287 0959 0667 0018 0022 
1288 0966 0878 0028 0019 
1289 0340 0927 0012 0029 
1290 0976 0546 0010 0016 
1291 0265 0310 0023 0024 
1292 0581 0943 0022 0016 
1293 0696 0530 0015 0012 
1294 0122 0652 0015 0028 
1295 0494 0063 0024 0025 
1296 0634 0571 0015 0028 
1297 0859 0776 0018 0024 
1298 0585 0256 0012 0019 
1299 0506 0617 0020 0010 
1300 0555 0400 0011 0025 
1301 0595 0391 0018 0026 
1302 0497 0036 0024 0010 
1303 0771 0974 0027 0023 
1304 0284 0908 0026 0014 
1305 0186 0814 0010 0014 
1306 0315 0377 0014 0013 
1307 0789 0081 0017 0015 
1308 0415 0112 0014 0028 
1309 0837 0845 0018 0026 
1310 0492 0563 0017 0012 
1311 0830 0285 0014 0028 
1312 0216 0834 0013 0029 
1313 0616 0792 0029 0012 
1314 0899 0141 0022 0016 
1315 0787 0475 0024 0020 
1316 0196 0603 0017 0010 
1317 0538 0002 0016 0024 
1318 0381 0357 0017 0022 
1319 0941 0817 0027 0022 
1320 0196 0272 0025 0013 
1321 0690 0135 0012 0013 
1322 0147 0088 0013 0016 
1323 0948 0267 0024 0012 
1324 0050 0411 0014 0011 
1325 0102 0968 0010 0011 
1326 0177 0613 0025 0024 
1327 0450 0229 0023 0025 
1328 0802 0851 0012 0015 
1329 0463 0149 0022 0011 
1330 0019 0681 0020 0025 
1331 0784 0709 0024 0017 
1332 0672 0437 0021 0014 
1333 0168 0145 0023 0020 
1334 0169 0725 0025 0027 
1335 0071 0731 0016 0022 
1336 0602 0589 0025 0016 
1337 0281 0888 0013 0019 
1338 0753 0283 0013 0028 
1339 0367 0421 0029 0011 
1340 0714 0651 0021 0023 
1341 0166 0985 0021 0014 
1342 0473 0661 0016 0023 
1343 0888 0512 0024 0013 
1344 0615 0452 0011 0019 
1345 0337 0160 0028 0012 
1346 0056 0944 0013 0019 
1347 0323 0497 0020 0023 
1348 0110 0476 0027 0020 
1349 0227 0077 0017 0025 
1350 0713 0231 0012 0020 
1351 0090 0946 0026 0017 
1352 0138 0826 0018 0025 
1353 0179 0105 0010 0024 
1354 0357 0906 0023 0025 
1355 0334 0871 0012 0029 
1356 0529 0553 0018 0014 
1357 0908 0495 0014 0028 
1358 0603 0151 0025 0010 
1359 0390 0669 0015 0017 
1360 0957 0663 0029 0023 
1361 0274 0390 0028 0027 
1362 0393 0234 0024 0025 
1363 0952 0164 0019 0011 
1364 0239 0515 0017 0019 
1365 0015 0733 0011 0015 
1366 0891 0347 0026 0011 
1367 0889 0282 0015 0017 
1368 0959 0527 0017 0021 
1369 0815 0368 0023 0010 
1370 0437 0363 0016 0017 
1371 0686 0646 0024 0021 
1372 0782 0103 0029 0017 
1373 0664 0598 0023 0015 
1374 0322 0898 0022 0027 
1375 0825 0322 0018 0029 
1376 0767 0835 0019 0028 
1377 0230 0874 0017 0027 
1378 0899 0895 0016 0016 
1379 0443 0044 0021 0017 
1380 0233 0812 0019 0011 
1381 0866 0816 0025 0017 
1382 0912 0422 0021 0023 
1383 0720 0683 0025 0019 
1384 0064 0036 0023 0024 
1385 0735 0608 0022 0017 
1386 0760 0038 0025 0017 
1387 0188 0804 0012 0020 
1388 0362 0926 0016 0014 
1389 0230 0086 0008 0011 
1390 0143 0852 0024 0023 
1391 0558 0583 0014 0029 
1392 0399 0979 0024 0019 
1393 0119 0134 0026 0010 
1394 0959 0477 0023 0026 
1395 0173 0807 0029 0020 
1396 0138 0138 0018 0029 
1397 0042 0201 0014 0018 
1398 0588 0070 0012 0020 
1399 0575 0056 0021 0021 
1400 0505 0321 0027 0022 
1401 0432 0243 0019 0017 
