971 15 54
3079 8 48
3079 51 52
653 35 55
3319 22 46
3079 42 52
1069 23 49
653 24 33
653 36 44
727 12 30
727 36 47
727 52 59
653 8 53
727 2 47
727 53 54
3079 0 15
3079 22 29
3079 41 54
3079 11 42
3079 47 54
3109 22 42
3109 52 57
3461 0 7
3461 19 42
3109 40 47
3109 53 55
1117 23 38
1117 46 50
1117 2 31
1117 40 58
1093 0 41
1093 48 52
641 19 29
2339 18 54
1877 14 52
971 29 39
971 43 44
971 54 55
1877 43 48
1877 56 58
3461 7 22
3461 28 41
683 30 37
3331 27 45
1877 2 34
1877 43 54
653 16 45
2953 12 23
3461 17 59
1093 15 46
1093 49 53
2543 4 40
971 27 46
2543 19 32
2543 36 42
2543 50 52
683 18 32
683 36 53
919 18 57
3319 49 59
653 48 53
1877 28 48
3079 26 30
3079 43 45
3079 50 57
2953 7 9
2953 31 48
1069 8 17
1069 23 33
1069 38 53
919 13 18
683 53 57
2953 52 59
2953 28 39
2953 54 57
971 39 50
1117 10 45
919 19 36
919 43 57
653 17 20
3331 19 57
3331 18 56
641 16 38
1117 26 53
653 54 55
1117 29 45
1069 10 20
3319 11 56
1877 4 45
1877 14 43
727 36 59
641 21 40
1931 16 26
1093 3 19
1093 34 49
2543 3 34
2543 37 54
683 18 40
1877 7 22
1877 41 42
971 5 22
1117 5 44
3331 40 41
919 8 46
919 24 33
919 37 40
919 52 58
3109 15 16
3109 51 56
2179 13 54
919 22 50
3079 1 50
2339 20 47
2339 50 52
727 0 10
727 16 25
727 29 40
727 45 46
971 2 8
971 29 51
1877 39 44
1877 50 58
3109 35 44
3109 54 57
683 53 55
919 52 55
1117 14 46
3461 7 41
1069 41 44
2179 27 58
3319 52 58
1931 3 46
2339 20 26
2339 43 51
1117 2 12
1117 37 56
2179 30 47
727 37 50
1117 0 14
1117 39 41
2339 4 6
3079 0 24
3079 33 36
3079 49 53
683 32 56
1093 16 29
1093 56 59
3109 24 37
3109 45 54
1877 7 8
1877 19 46
3109 36 56
919 16 42
1877 41 49
727 20 50
2953 40 57
683 56 59
2543 24 38
919 11 41
919 30 59
2543 36 48
971 5 23
971 30 49
919 14 18
653 33 45
1931 7 35
1931 46 48
2953 48 58
683 39 58
641 16 32
3331 53 54
1069 20 47
2953 8 47
3109 3 47
3319 22 38
683 29 39
3461 2 51
3109 29 32
3109 35 56
971 6 49
971 53 54
2179 25 29
2179 44 56
3079 11 52
653 18 42
2339 23 45
2339 54 55
2179 17 47
1069 20 40
1877 4 38
1877 43 51
971 10 34
971 38 39
971 57 58
1877 15 16
1877 46 55
3109 53 55
1877 41 46
1877 50 59
3079 11 50
3461 6 46
3461 55 58
641 5 46
2339 2 52
3461 6 27
3461 43 49
3331 14 48
1093 24 53
919 33 48
2179 47 51
1093 20 22
1093 38 51
1093 54 55
1093 5 43
971 35 47
2339 11 52
2953 8 26
2953 54 57
3109 30 40
3109 55 57
971 2 39
971 42 45
2179 13 54
1931 18 43
3079 11 12
3079 19 34
3079 42 52
727 32 43
727 47 54
653 38 46
641 12 59
3319 12 15
3319 49 57
641 23 37
641 41 50
1117 30 47
727 37 46
727 54 55
653 25 57
919 22 46
3461 9 19
3461 32 55
971 15 40
2543 23 48
727 24 51
1931 18 22
1931 28 35
1931 40 59
1931 4 27
1931 48 57
1877 0 32
1877 43 45
3319 3 49
1093 20 26
1877 42 47
1877 50 52
1877 57 59
653 49 56
1069 12 28
1069 36 41
653 39 43
2179 42 58
3461 41 56
2953 13 40
727 45 51
727 54 57
1093 25 50
971 19 29
1093 13 58
1069 46 59
1093 31 33
1093 50 52
3109 26 46
3109 56 58
2179 40 45
919 40 57
641 50 52
1877 38 39
919 8 34
919 13 37
3319 18 54
3079 0 6
3079 45 56
2179 2 35
1931 16 58
1931 12 18
1931 32 49
3461 26 39
2179 13 37
971 7 50
1877 34 45
3079 28 46
3079 51 54
2179 3 39
919 21 35
2543 15 47
2179 37 39
2179 55 59
919 36 51
2339 25 36
2339 41 54
1877 17 28
1877 46 54
641 25 58
1069 28 38
641 14 25
653 23 24
653 29 57
683 28 50
727 2 36
3109 31 32
3109 47 57
3319 21 53
2953 10 41
3079 6 28
3079 46 48
971 30 34
2339 8 49
971 34 47
1931 40 46
1931 51 56
3079 21 45
3461 1 49
3461 55 56
3331 4 58
3331 16 45
3331 50 51
2953 6 47
683 2 10
1877 40 45
1877 51 57
1931 14 31
1931 51 52
727 22 46
727 49 54
3079 48 50
3079 53 56
1093 17 57
919 47 49
919 52 55
3319 54 57
1117 22 36
1117 48 57
919 6 45
727 13 27
727 30 41
727 52 58
653 26 39
2179 14 16
2179 21 37
3109 36 44
3109 21 54
3461 36 49
971 27 42
1877 36 48
1069 5 29
1069 32 54
641 21 51
1069 15 16
1069 32 44
3461 7 11
3461 28 43
971 1 55
1931 28 58
727 43 44
727 53 58
3331 0 53